 Slot 13
chan        1      2      3      4      5      6      7      8      9      10     11     12     13     14     15     16     
overflow    0.0000 0.0000 0.0000 0.0000 0.0000 0.0000 0.0000 0.0000 0.0000 0.0000 0.0000 0.0000 0.0000 0.0000 0.0000 0.0000 
underflow   0.0000 0.0000 0.0000 0.0000 0.0000 0.0000 0.0000 0.0000 0.0000 0.0000 0.0000 0.0000 0.0000 0.0000 0.0000 0.0000 
badped      0.0000 0.0000 0.0000 0.0000 0.0000 0.0000 0.0000 0.0000 0.0000 0.0000 0.0000 0.0000 0.0000 0.0000 0.0000 0.0000 
 Slot 14
chan        1      2      3      4      5      6      7      8      9      10     11     12     13     14     15     16     
overflow    0.0000 0.0000 0.0000 0.0000 0.0000 0.0000 0.0000 0.0000 0.0000 0.0000 0.0000 0.0000 0.0000 0.0000 0.0000 0.0000 
underflow   0.0000 0.0000 0.0000 0.0000 0.0000 0.0000 0.0000 0.0000 0.0000 0.0000 0.0000 0.0000 0.0000 0.0000 0.0000 0.0000 
badped      0.0000 0.0000 0.0000 0.0000 0.0000 0.0000 0.0000 0.0000 0.0000 0.0000 0.0000 0.0000 0.0000 0.0000 0.0000 0.0000 
 Slot 15
chan        1      2      3      4      5      6      7      8      9      10     11     12     13     14     15     16     
overflow    0.0000 0.0000 0.0000 0.0000 0.0000 0.0000 0.0000 0.0000 0.0000 0.0000 0.0000 0.0000 0.0000 0.0000 0.0000 0.0000 
underflow   0.0000 0.0000 0.0000 0.0000 0.0000 0.0000 0.0000 0.0000 0.0000 0.0000 0.0000 0.0000 0.0000 0.0000 0.0000 0.0000 
badped      0.0000 0.0000 0.0000 0.0002 0.0000 0.0003 0.0005 0.0001 0.0000 0.0000 0.0001 0.0001 0.0002 0.0000 0.0000 0.0000 
 Slot 16
chan        1      2      3      4      5      6      7      8      9      10     11     12     13     14     15     16     
overflow    0.0000 0.0000 0.0000 0.0000 0.0000 0.0000 0.0000 0.0000 0.0000 0.0000 0.0000 0.0000 0.0000 0.0000 0.0000 0.0000 
underflow   0.0000 0.0000 0.0000 0.0000 0.0000 0.0000 0.0000 0.0000 0.0000 0.0000 0.0000 0.0000 0.0000 0.0000 0.0000 0.0000 
badped      0.0013 0.0083 0.0196 0.0029 0.0075 0.0205 0.0021 0.0003 0.0023 0.0163 0.0129 0.0013 0.0173 0.0104 0.0011 0.0003 
