 Slot 13
chan        1      2      3      4      5      6      7      8      9      10     11     12     13     14     15     16     
overflow    0.0000 0.0000 0.0000 0.0000 0.0000 0.0000 0.0000 0.0000 0.0000 0.0000 0.0000 0.0000 0.0000 0.0000 0.0000 0.0000 
underflow   0.0000 0.0000 0.0000 0.0000 0.0000 0.0000 0.0000 0.0000 0.0000 0.0000 0.0000 0.0000 0.0000 0.0000 0.0000 0.0000 
badped      0.0000 0.0000 0.0000 0.0000 0.0000 0.0000 0.0000 0.0000 0.0000 0.0000 0.0000 0.0000 0.0000 0.0000 0.0000 0.0000 
 Slot 14
chan        1      2      3      4      5      6      7      8      9      10     11     12     13     14     15     16     
overflow    0.0000 0.0000 0.0000 0.0000 0.0000 0.0000 0.0000 0.0000 0.0000 0.0000 0.0000 0.0000 0.0000 0.0000 0.0000 0.0000 
underflow   0.0000 0.0000 0.0000 0.0000 0.0000 0.0000 0.0000 0.0000 0.0000 0.0000 0.0000 0.0000 0.0000 0.0000 0.0000 0.0000 
badped      0.0000 0.0000 0.0000 0.0000 0.0000 0.0000 0.0000 0.0000 0.0005 0.0000 0.0000 0.0000 0.0000 0.0000 0.0000 0.0000 
 Slot 15
chan        1      2      3      4      5      6      7      8      9      10     11     12     13     14     15     16     
overflow    0.0000 0.0005 0.0000 0.0020 0.0010 0.0005 0.0000 0.0000 0.0010 0.0010 0.0025 0.0000 0.0000 0.0000 0.0000 0.0000 
underflow   0.0000 0.0000 0.0000 0.0000 0.0000 0.0000 0.0000 0.0000 0.0000 0.0000 0.0000 0.0000 0.0000 0.0000 0.0000 0.0000 
badped      0.0015 0.1568 0.0040 0.0212 0.0756 0.0681 0.1120 0.0177 0.1039 0.0257 0.0716 0.0116 0.0005 0.0000 0.0000 0.0000 
 Slot 16
chan        1      2      3      4      5      6      7      8      9      10     11     12     13     14     15     16     
overflow    0.0000 0.0000 0.0000 0.0000 0.0000 0.0000 0.0000 0.0000 0.0000 0.0000 0.0000 0.0000 0.0000 1.0000 0.0000 0.0000 
underflow   0.0000 0.0000 0.0000 0.0000 0.0000 0.0000 0.0000 0.0000 0.0000 0.0000 0.0000 0.0000 0.0000 0.0000 0.0000 0.0000 
badped      1.0000 1.0000 1.0000 1.0000 1.0000 1.0000 0.9995 0.9995 0.9995 0.9995 0.9995 0.9995 0.0000 1.0000 1.0000 1.0000 
