 Slot 13
chan        1      2      3      4      5      6      7      8      9      10     11     12     13     14     15     16     
overflow    0.0000 0.0000 0.0000 0.0000 0.0000 0.0000 0.0000 0.0000 0.0000 0.0000 0.0000 0.0000 0.0000 0.0000 0.0000 0.0000 
underflow   0.0000 0.0000 0.0000 0.0000 0.0000 0.0000 0.0000 0.0000 0.0000 0.0000 0.0000 0.0000 0.0000 0.0000 0.0000 0.0000 
badped      0.0000 0.0010 0.0020 0.0040 0.0060 0.0080 0.0050 0.0040 0.0070 0.0000 0.0030 0.0110 0.0010 0.0010 0.0000 0.0020 
 Slot 14
chan        1      2      3      4      5      6      7      8      9      10     11     12     13     14     15     16     
overflow    0.0000 0.0000 0.0000 0.0000 0.0000 0.0000 0.0000 0.0000 0.0000 0.0000 0.0000 0.0000 0.0000 0.0000 0.0000 0.0000 
underflow   0.0000 0.0000 0.0000 0.0000 0.0000 0.0000 0.0000 0.0000 0.0000 0.0000 0.0000 0.0000 0.0000 0.0000 0.0000 0.0000 
badped      0.0000 0.0000 0.0000 0.0020 0.0040 0.0060 0.0030 0.0020 0.0060 0.0020 0.0030 0.0070 0.0010 0.0030 0.0010 0.0020 
 Slot 15
chan        1      2      3      4      5      6      7      8      9      10     11     12     13     14     15     16     
overflow    0.0000 0.0000 0.0000 0.0010 0.0030 0.0000 0.0000 0.0010 0.0020 0.0000 0.0000 0.0000 0.0000 0.0000 0.0000 0.0000 
underflow   0.0000 0.0000 0.0000 0.0000 0.0000 0.0000 0.0000 0.0000 0.0000 0.0010 0.0000 0.0000 0.0000 0.0000 0.0000 0.0000 
badped      0.1234 0.4945 0.0080 0.0331 0.0802 0.1625 0.1153 0.0953 0.1083 0.0822 0.0702 0.0291 0.1595 0.0000 0.0000 0.0000 
 Slot 16
chan        1      2      3      4      5      6      7      8      9      10     11     12     13     14     15     16     
overflow    0.0000 0.0000 0.0000 0.0000 0.0000 0.0000 0.0000 0.0000 0.0000 0.0000 0.0000 0.0000 0.0000 1.0000 0.0000 0.0000 
underflow   0.0000 0.0000 0.0000 0.0000 0.0000 0.0000 0.0000 0.0000 0.0000 0.0000 0.0000 0.0000 0.0000 0.0000 0.0000 0.0000 
badped      1.0000 1.0000 1.0000 1.0000 1.0000 1.0000 1.0000 1.0000 1.0000 1.0000 1.0000 1.0000 0.0000 1.0000 0.0000 0.0000 
