 Slot 13
chan        1      2      3      4      5      6      7      8      9      10     11     12     13     14     15     16     
overflow    0.0000 0.0000 0.0000 0.0000 0.0000 0.0000 0.0000 0.0000 0.0000 0.0000 0.0000 0.0000 0.0000 0.0000 0.0000 0.0000 
underflow   0.0000 0.0000 0.0000 0.0000 0.0000 0.0000 0.0000 0.0000 0.0000 0.0000 0.0000 0.0000 0.0000 0.0000 0.0000 0.0000 
badped      0.0000 0.0000 0.0000 0.0000 0.0000 0.0000 0.0000 0.0000 0.0000 0.0000 0.0000 0.0000 0.0000 0.0000 0.0000 0.0000 
 Slot 14
chan        1      2      3      4      5      6      7      8      9      10     11     12     13     14     15     16     
overflow    0.0000 0.0000 0.0000 0.0000 0.0000 0.0000 0.0000 0.0000 0.0000 0.0000 0.0000 0.0000 0.0000 0.0000 0.0000 0.0000 
underflow   0.0000 0.0000 0.0000 0.0000 0.0000 0.0000 0.0000 0.0000 0.0000 0.0000 0.0000 0.0000 0.0000 0.0000 0.0000 0.0000 
badped      0.0000 0.0000 0.0000 0.0000 0.0000 0.0000 0.0000 0.0000 0.0000 0.0000 0.0000 0.0000 0.0000 0.0000 0.0000 0.0000 
 Slot 15
chan        1      2      3      4      5      6      7      8      9      10     11     12     13     14     15     16     
overflow    0.0000 0.0004 0.0065 0.0085 0.0158 0.0126 0.0122 0.0130 0.0189 0.0183 0.0199 0.0144 0.0000 0.0000 0.0000 0.0000 
underflow   0.0000 0.0000 0.0000 0.0000 0.0000 0.0000 0.0000 0.0000 0.0000 0.0000 0.0000 0.0000 0.0000 0.0000 0.0000 0.0000 
badped      0.0000 0.0000 0.0002 0.0010 0.0000 0.0008 0.0016 0.0006 0.0004 0.0000 0.0002 0.0002 0.0006 0.0000 0.0000 0.0000 
 Slot 16
chan        1      2      3      4      5      6      7      8      9      10     11     12     13     14     15     16     
overflow    0.0000 0.0000 0.0000 0.0000 0.0000 0.0000 0.0000 0.0000 0.0000 0.0000 0.0000 0.0000 0.0000 1.0000 0.0000 0.0000 
underflow   0.0000 0.0000 0.0000 0.0000 0.0000 0.0000 0.0000 0.0000 0.0000 0.0000 0.0000 0.0000 0.0000 0.0000 0.0000 0.0000 
badped      1.0000 1.0000 1.0000 1.0000 1.0000 1.0000 1.0000 1.0000 1.0000 1.0000 1.0000 1.0000 0.0000 1.0000 0.0000 0.0000 
