--------[ 2017-03-01 00:00:00 -0500 ]

L.prl1.detmap =
    3  20   0  15
    3  20  32  32
    3  18  32  47
    3  20  33  33
L.prl1.position = -0.2  0  4.58
L.prl1.size = 1.254  0.325  0.1475
L.prl1.ncols = 2
L.prl1.nrows = 17
L.prl1.xy = 1.18  0.1625
L.prl1.dxdy = -0.1475  -0.325
L.prl1.emin = 11
L.prl1.pedestals =
       301.672
       303.144
       230.414
       268.787
       389.495
       307.479
       346.653
       330.537
        363.99
        319.42
       338.494
       277.211
       347.826
        247.74
       289.039
       421.904
        251.16
       368.286
       360.215
        284.96
        336.64
        606.25
       440.579
       511.297
       547.987
        481.71
       312.992
        511.65
       329.679
       497.504
       427.641
       476.057
       482.632
       319.397
L.prl1.gains =
1.346182692
1.239576923
1.068798077
0.981721154
1.101884615
1.025586538
0.972173077
0.990009615
1.015432692
1.123519231
1.100567308
1.064855769
1.107528846
0.996855769
0.996817308
1.015807692
0.961538462
1.335884615
1.202105769
1.401086538
0.987836538
1.016971154
1.223682692
1.248346154
1.036211538
1.059990385
1.009307692
1.129951923
1.066913462
1.042865385
0.946617308
0.906896154
1.021663462
2.182528846
