

--------[ 2019-02-13 20:27:00 -0500 ]

L.s2.pl_xcorr = 1.73691
L.s2.pl_thcorr =  93.1949
L.s2.pl_phcorr = 25.0772


--------[ 2019-02-13 20:27:00 -0500 ]
L.s2.NPED = 4
L.s2.NSA = 40
L.s2.NSB = 1
L.s2.Win = 15
L.s2.TFlag = 0
L.s2.L.ped = 0 0 0 0 0 0 0 0 0 0 0 0 0 0 0 0
L.s2.R.ped = 0 0 0 0 0 0 0 0 0 0 0 0 0 0 0 0
L.s2.L.gain = 1.13731 1.14717 1.16574 0.946319 1.04401 0.814131 1.04831 1.01268 0.934197 1.11395 0.95954 0.827143 0.842174 0.7246 1.01982 0.900411
L.s2.R.gain = 1.2429 0.970899 0.826711 0.989935 1.06403 1.1339 0.990557 0.467874 1.25531 0.891 1.05325 0.927542 1.09148 1.09031 0.777239 0.912775



--------[ 2019-01-23 14:20:00 -0500 ]
L.s2.NPED = 4
L.s2.NSA = 40
L.s2.NSB = 1
L.s2.Win = 15
L.s2.TFlag = 0
L.s2.L.ped = 0 0 0 0 0 0 0 0 0 0 0 0 0 0 0 0
L.s2.R.ped = 0 0 0 0 0 0 0 0 0 0 0 0 0 0 0 0
L.s2.L.gain = 1.13731 1.14717 1.16574 0.946319 1.04401 0.814131 1.04831 1.01268 0.934197 1.11395 0.95954 0.827143 0.842174 0.7246 1.01982 0.900411
L.s2.R.gain = 1.2429 0.970899 0.826711 0.989935 1.06403 1.1339 0.990557 0.467874 1.25531 0.891 1.05325 0.927542 1.09148 1.09031 0.777239 0.912775




--------[ 2019-01-16 00:00:00 -0500 ]
L.s2.NPED = 15
L.s2.NSA = 15
L.s2.NSB = 2
L.s2.Win = 40
L.s2.TFlag = 1
L.s2.L.ped = 0 0 0 0 0 0 0 0 0 0 0 0 0 0 0 0
L.s2.R.ped = 0 0 0 0 0 0 0 0 0 0 0 0 0 0 0 0
L.s2.L.gain = 1.18704 1.18756 1.23091 0.936713 1.00583 0.826251 0.999695 0.979615 0.825658 1.06948 0.905918 0.791409 0.814492 0.711437 0.976489 0.889654
L.s2.R.gain = 1.34973 0.982463 0.886362 0.964185 1.04517 1.09409 0.975675 1.49282 1.22323 0.880539 1.05271 0.946135 1.0908 1.08409 0.795955 0.924752 
L.s2.L.off =  0.274697 2.28787 -2.78131 1.04078 2.07676 -0.628333 1.55337 0 0.883181 1.29065 1.29385 0.406996 -0.329733 -0.192417 -1.74322 -0.369398 
L.s2.R.off =  -59.3819 -57.8002 -54.4503 -57.7978 -55.1816 -55.6975 -54.8427 -51.8781 -56.2097 -57.3783 -56.9931 -62.6338 -61.9538 -62.3011 -58.6152 -63.1618 



--------[ 2018-08-22 00:00:00 -0500 ]

L.s2.NPED = 15
L.s2.NSA = 15
L.s2.NSB = 2
L.s2.Win = 55
L.s2.TFlag = 0


--------[ 2018-07-10 00:00:00 -0500 ]

L.s2.detmap =
      31    7     0    3      1  250
      31    7     5    5      5  250
      31    7     4    4      6  250
      31    7     6    15     7  250
      31    6     0    15    17  250
      4    11    16    31     1  1877
      4    11     0    15    17  1877


--------[ 2018-05-03 00:00:00 -0500 ]
L.s2.L.ped = 0 0 0 0 0 0 0 0 0 0 0 0 0 0 0 0
L.s2.R.ped = 0 0 0 0 0 0 0 0 0 0 0 0 0 0 0 0
L.s2.L.gain = 1.15335 1.20724 1.12454 1.11833 1.07899 1.05992 1.02359 0.97770 0.97612 1.07072 1.05051 1.03558 1.02897 1.02319 1.02964 1.01389
L.s2.L.gain = 1.34028 1.21992 1.18607 1.07927 1.18050 1.14166 1.05432 0.97565 1.29538 1.09011 1.02355 1.22380 1.08020 1.08172 1.02686 0.94550


--------[ 2018-01-11 00:00:00 -0500 ]

L.s2.detmap =
      31    7     0    15     1  250
      31    6     0    15    17  250
      4    11    16    31     1  1877
      4    11     0    15    17  1877
L.s2.npaddles = 16
L.s2.position = -0.121  0  3.179
L.s2.size = 2.236  0.432  0.05
L.s2.L.off =  1624.5 1515.98  1520.44  1517.33  1520.06  1519.82  1521.22  1522.56  1520.1  1519.14  1520.16  1514.22  1515.84  1515.93  1519.71 1632.5
L.s2.R.off = 1565.6 1576.54  1572.45  1575.92  1577.13  1574.53  1577.68  1576.04  1577.11  1578.08  1578.3  1577.44  1577.32  1577.86  1576.93  1570.6
L.s2.L.ped = 4416.29  5941.13  5437.01  5439.46  5491.57  6589.26  5294.37  4758.07  5806.53  5295.60  6195.73  6674.53  6053.17  6688.51  5333.08  5465.64
L.s2.R.ped = 4581.82  5980.98  4146.58  4511.03  6754.25  6157.71  4244.27  5065.02  5966.62  5238.73  5737.39  4338.58  6677.55  5762.80  5562.49  5002.27
L.s2.L.gain = 1.18896 1.24453  1.15890 1.14130 1.09840 1.08652 1.01429  0.96631 0.93514 1.08294 1.04692 1.04651  1.04281 1.03612 1.04953  1.03492
L.s2.R.gain =  1.35426 1.23134 1.16271 1.07575  1.19397 1.15362  1.07106 1.14940  1.29760 1.11916 1.04035 1.23951  1.09194 1.07658 1.02342  0.94863
L.s2.avgres = 1e-10
L.s2.atten = 0.7
L.s2.Cn = 1.26193e+08
L.s2.MIP = 1e+10
L.s2.tdc.res = 5e-10
L.s2.timewalk_params =
   0  0  0  0  0  0  0  0  0  0  0  0  0  0  0  0
   0  0  0  0  0  0  0  0  0  0  0  0  0  0  0  0
L.s2.retiming_offsets = 0  0  0  0  0  0  0  0  0  0  0  0  0  0  0  0
L.s2.NPED = 15
L.s2.NSA = 55
L.s2.NSB = 0
L.s2.Win = 55
L.s2.TFlag = 0


--------[ 2017-03-01 00:00:00 -0500 ]

L.s2.detmap =
      31    7     0    15     1  250
      31    6     0    15    17  250
      4    11    16    31     1  1877
      4    11     0    15    17  1877
L.s2.npaddles = 16
L.s2.position = -0.121  0  3.179
L.s2.size = 2.236  0.432  0.05
L.s2.L.off =  1624.5 1518.24  1521.8  1518.93  1521.8  1521.52  1522.81  1523.97  1521.75  1520.69  1521.45  1515.92  1517.26  1517.21  1520.78  1632.5

L.s2.R.off = 1565.6 1578.57  1573.84  1577.54  1578.92  1576.26  1579.26  1577.64  1578.57  1579.5  1579.63  1578.92  1578.62  1579.13  1577.93 1570.6

L.s2.L.ped = 4047.1  5425.2  4962.8  4933.1  4998.3  5985.0  4796.8  4334.6  5286.4  4796.1  5610.2  6068.6  5531.1  6096.3     4864.0  4942.8
L.s2.R.ped = 4167.8  5417.9  3757.4  4095.5  6147.3  5572.4  3855.0  4613.8  5418.3  4746.0  5209.7  3929.2 6087.4  5245.4  5054.8  4548.3 
L.s2.L.gain = 1.00   1.04   0.95   1.02   0.99   1.04   0.99   1.01   1.01   1.02   1.00   1.05   0.99   1.02   0.98   1.06

L.s2.R.gain = 1.03   1.02   1.04   1.00   0.99   1.02   1.03   0.96   1.01   1.01   0.99   1.02   1.01   1.04   1.05   1.01

L.s2.avgres = 1e-10
L.s2.atten = 0.7
L.s2.Cn = 1.26193e+08
L.s2.MIP = 1e+10
L.s2.tdc.res = 5e-10
L.s2.timewalk_params =
   0  0  0  0  0  0  0  0  0  0  0  0  0  0  0  0
   0  0  0  0  0  0  0  0  0  0  0  0  0  0  0  0
L.s2.retiming_offsets = 0  0  0  0  0  0  0  0  0  0  0  0  0  0  0  0
L.s2.NPED = 15
L.s2.NSA = 50
L.s2.NSB = 0

