git diff--------[ 2017-03-01 00:00:00 -0500 ]

R.vdc.nwires = 368
R.vdc.wire.spacing = -0.0042426
R.vdc.tdc.min = 800
R.vdc.tdc.max = 2200
R.vdc.tdc.res = 5e-10
R.vdc.ttd.param =
    2.12e-03   0.00e+00   0.00e+00   0.00e+00
   -4.20e-04   1.30e-03   1.06e-04   0.00e+00
    4.00e-09
R.vdc.t0.res = 6e-08
R.vdc.clust.minsize = 3
R.vdc.clust.maxspan = 7
R.vdc.maxgap = 0
R.vdc.tdiff.min = 3e-08
R.vdc.tdiff.max = 2.0e-07
R.vdc.u1.detmap =
     2    7    0   95    0
     2    8    0   95   96
     2    9    0   95  192
     2   10    0   79  288
R.vdc.u1.position = 0  0  0
R.vdc.u1.wire.start = 0.77852
R.vdc.u1.wire.angle = -45
R.vdc.u1.driftvel = 50000
R.vdc.u1.tdc.offsets =
   1776.7  1776.7  1776.7  1776.7  1776.7  1776.7  1776.7  1776.7
   1776.7  1776.7  1776.7  1776.7  1776.7  1776.7  1776.7  1776.7
   1776.7  1776.7  1776.7  1776.7  1776.7  1776.7  1776.7  1776.7
   1776.7  1776.7  1776.7  1776.7  1776.7  1776.7  1776.7  1776.7
   1777.9  1777.9  1777.9  1777.9  1777.9  1777.9  1777.9  1777.9
   1777.9  1777.9  1777.9  1777.9  1777.9  1777.9  1777.9  1777.9
   1780.9  1780.9  1780.9  1780.9  1780.9  1780.9  1780.9  1780.9
   1780.9  1780.9  1780.9  1780.9  1780.9  1780.9  1780.9  1780.9
   1778.4  1778.4  1778.4  1778.4  1778.4  1778.4  1778.4  1778.4
   1778.4  1778.4  1778.4  1778.4  1778.4  1778.4  1778.4  1778.4
   1773.9  1773.9  1773.9  1773.9  1773.9  1773.9  1773.9  1773.9
   1773.9  1773.9  1773.9  1773.9  1773.9  1773.9  1773.9  1773.9
   1780.8  1780.8  1780.8  1780.8  1780.8  1780.8  1780.8  1780.8
   1780.8  1780.8  1780.8  1780.8  1780.8  1780.8  1780.8  1780.8
   1781.5  1781.5  1781.5  1781.5  1781.5  1781.5  1781.5  1781.5
   1781.5  1781.5  1781.5  1781.5  1781.5  1781.5  1781.5  1781.5
   1782.5  1782.5  1782.5  1782.5  1782.5  1782.5  1782.5  1782.5
   1782.5  1782.5  1782.5  1782.5  1782.5  1782.5  1782.5  1782.5
   1782.4  1782.4  1782.4  1782.4  1782.4  1782.4  1782.4  1782.4
   1782.4  1782.4  1782.4  1782.4  1782.4  1782.4  1782.4  1782.4
   1780.6  1780.6  1780.6  1780.6  1780.6  1780.6  1780.6  1780.6
   1780.6  1780.6  1780.6  1780.6  1780.6  1780.6  1780.6  1780.6
   1782.3  1782.3  1782.3  1782.3  1782.3  1782.3  1782.3  1782.3
   1782.3  1782.3  1782.3  1782.3  1782.3  1782.3  1782.3  1782.3
   1785.9  1785.9  1785.9  1785.9  1785.9  1785.9  1785.9  1785.9
   1785.9  1785.9  1785.9  1785.9  1785.9  1785.9  1785.9  1785.9
   1782.4  1782.4  1782.4  1782.4  1782.4  1782.4  1782.4  1782.4
   1782.4  1782.4  1782.4  1782.4  1782.4  1782.4  1782.4  1782.4
   1785.3  1785.3  1785.3  1785.3  1785.3  1785.3  1785.3  1785.3
   1785.3  1785.3  1785.3  1785.3  1785.3  1785.3  1785.3  1785.3
     1783    1783    1783    1783    1783    1783    1783    1783
     1783    1783    1783    1783    1783    1783    1783    1783
   1784.1  1784.1  1784.1  1784.1  1784.1  1784.1  1784.1  1784.1
   1784.1  1784.1  1784.1  1784.1  1784.1  1784.1  1784.1  1784.1
   1784.5  1784.5  1784.5  1784.5  1784.5  1784.5  1784.5  1784.5
   1784.5  1784.5  1784.5  1784.5  1784.5  1784.5  1784.5  1784.5
   1789.1  1789.1  1789.1  1789.1  1789.1  1789.1  1789.1  1789.1
   1789.1  1789.1  1789.1  1789.1  1789.1  1789.1  1789.1  1789.1
   1786.7  1786.7  1786.7  1786.7  1786.7  1786.7  1786.7  1786.7
   1786.7  1786.7  1786.7  1786.7  1786.7  1786.7  1786.7  1786.7
   1788.1  1788.1  1788.1  1788.1  1788.1  1788.1  1788.1  1788.1
   1788.1  1788.1  1788.1  1788.1  1788.1  1788.1  1788.1  1788.1
   1788.1  1788.1  1788.1  1788.1  1788.1  1788.1  1788.1  1788.1
   1788.1  1788.1  1788.1  1788.1  1788.1  1788.1  1788.1  1788.1
   1788.1  1788.1  1788.1  1788.1  1788.1  1788.1  1788.1  1788.1
   1788.1  1788.1  1788.1  1788.1  1788.1  1788.1  1788.1  1788.1
R.vdc.v1.detmap =
     6   17    0   95    0
     6   18    0   95   96
     6   19    0   95  192
     6   20    0   79  288
R.vdc.v1.position = 0  0  0.026
R.vdc.v1.wire.start = 0.77852
R.vdc.v1.wire.angle = 45
R.vdc.v1.driftvel = 49710
R.vdc.v1.tdc.offsets =
   1781.5  1781.5  1781.5  1781.5  1781.5  1781.5  1781.5  1781.5
   1781.5  1781.5  1781.5  1781.5  1781.5  1781.5  1781.5  1781.5
   1781.5  1781.5  1781.5  1781.5  1781.5  1781.5  1781.5  1781.5
   1781.5  1781.5  1781.5  1781.5  1781.5  1781.5  1781.5  1781.5
   1788.5  1788.5  1788.5  1788.5  1788.5  1788.5  1788.5  1788.5
   1788.5  1788.5  1788.5  1788.5  1788.5  1788.5  1788.5  1788.5
   1785.7  1785.7  1785.7  1785.7  1785.7  1785.7  1785.7  1785.7
   1785.7  1785.7  1785.7  1785.7  1785.7  1785.7  1785.7  1785.7
   1785.5  1785.5  1785.5  1785.5  1785.5  1785.5  1785.5  1785.5
   1785.5  1785.5  1785.5  1785.5  1785.5  1785.5  1785.5  1785.5
   1786.1  1786.1  1786.1  1786.1  1786.1  1786.1  1786.1  1786.1
   1786.1  1786.1  1786.1  1786.1  1786.1  1786.1  1786.1  1786.1
   1785.4  1785.4  1785.4  1785.4  1785.4  1785.4  1785.4  1785.4
   1785.4  1785.4  1785.4  1785.4  1785.4  1785.4  1785.4  1785.4
   1785.4  1785.4  1785.4  1785.4  1785.4  1785.4  1785.4  1785.4
   1785.4  1785.4  1785.4  1785.4  1785.4  1785.4  1785.4  1785.4
   1785.8  1785.8  1785.8  1785.8  1785.8  1785.8  1785.8  1785.8
   1785.8  1785.8  1785.8  1785.8  1785.8  1785.8  1785.8  1785.8
   1782.1  1782.1  1782.1  1782.1  1782.1  1782.1  1782.1  1782.1
   1782.1  1782.1  1782.1  1782.1  1782.1  1782.1  1782.1  1782.1
     1787    1787    1787    1787    1787    1787    1787    1787
     1787    1787    1787    1787    1787    1787    1787    1787
   1783.4  1783.4  1783.4  1783.4  1783.4  1783.4  1783.4  1783.4
   1783.4  1783.4  1783.4  1783.4  1783.4  1783.4  1783.4  1783.4
   1792.2  1792.2  1792.2  1792.2  1792.2  1792.2  1792.2  1792.2
   1792.2  1792.2  1792.2  1792.2  1792.2  1792.2  1792.2  1792.2
     1788    1788    1788    1788    1788    1788    1788    1788
     1788    1788    1788    1788    1788    1788    1788    1788
   1788.9  1788.9  1788.9  1788.9  1788.9  1788.9  1788.9  1788.9
   1788.9  1788.9  1788.9  1788.9  1788.9  1788.9  1788.9  1788.9
   1790.6  1790.6  1790.6  1790.6  1790.6  1790.6  1790.6  1790.6
   1790.6  1790.6  1790.6  1790.6  1790.6  1790.6  1790.6  1790.6
     1790    1790    1790    1790    1790    1790    1790    1790
     1790    1790    1790    1790    1790    1790    1790    1790
   1785.2  1785.2  1785.2  1785.2  1785.2  1785.2  1785.2  1785.2
   1785.2  1785.2  1785.2  1785.2  1785.2  1785.2  1785.2  1785.2
   1792.4  1792.4  1792.4  1792.4  1792.4  1792.4  1792.4  1792.4
   1792.4  1792.4  1792.4  1792.4  1792.4  1792.4  1792.4  1792.4
     1788    1788    1788    1788    1788    1788    1788    1788
     1788    1788    1788    1788    1788    1788    1788    1788
     1788    1788    1788    1788    1788    1788    1788    1788
     1788    1788    1788    1788    1788    1788    1788    1788
     1788    1788    1788    1788    1788    1788    1788    1788
     1788    1788    1788    1788    1788    1788    1788    1788
     1788    1788    1788    1788    1788    1788    1788    1788
     1788    1788    1788    1788    1788    1788    1788    1788
R.vdc.u2.detmap =
     2    3    0   95    0
     2    4    0   95   96
     2    5    0   95  192
     2    6    0   79  288
R.vdc.u2.position = 0  0  0.3327
R.vdc.u2.wire.start = 1.02793
R.vdc.u2.wire.angle = -45
R.vdc.u2.driftvel = 49530
R.vdc.u2.tdc.offsets =
   1769.9  1769.9  1769.9  1769.9  1769.9  1769.9  1769.9  1769.9
   1769.9  1769.9  1769.9  1769.9  1769.9  1769.9  1769.9  1769.9
   1769.9  1769.9  1769.9  1769.9  1769.9  1769.9  1769.9  1769.9
   1769.9  1769.9  1769.9  1769.9  1769.9  1769.9  1769.9  1769.9
   1766.2  1766.2  1766.2  1766.2  1766.2  1766.2  1766.2  1766.2
   1766.2  1766.2  1766.2  1766.2  1766.2  1766.2  1766.2  1766.2
     1768    1768    1768    1768    1768    1768    1768    1768
     1768    1768    1768    1768    1768    1768    1768    1768
   1765.5  1765.5  1765.5  1765.5  1765.5  1765.5  1765.5  1765.5
   1765.5  1765.5  1765.5  1765.5  1765.5  1765.5  1765.5  1765.5
     1769    1769    1769    1769    1769    1769    1769    1769
     1769    1769    1769    1769    1769    1769    1769    1769
     1773    1773    1773    1773    1773    1773    1773    1773
     1773    1773    1773    1773    1773    1773    1773    1773
   1773.9  1773.9  1773.9  1773.9  1773.9  1773.9  1773.9  1773.9
   1773.9  1773.9  1773.9  1773.9  1773.9  1773.9  1773.9  1773.9
     1774    1774    1774    1774    1774    1774    1774    1774
     1774    1774    1774    1774    1774    1774    1774    1774
   1772.3  1772.3  1772.3  1772.3  1772.3  1772.3  1772.3  1772.3
   1772.3  1772.3  1772.3  1772.3  1772.3  1772.3  1772.3  1772.3
   1772.9  1772.9  1772.9  1772.9  1772.9  1772.9  1772.9  1772.9
   1772.9  1772.9  1772.9  1772.9  1772.9  1772.9  1772.9  1772.9
   1776.2  1776.2  1776.2  1776.2  1776.2  1776.2  1776.2  1776.2
   1776.2  1776.2  1776.2  1776.2  1776.2  1776.2  1776.2  1776.2
   1772.2  1772.2  1772.2  1772.2  1772.2  1772.2  1772.2  1772.2
   1772.2  1772.2  1772.2  1772.2  1772.2  1772.2  1772.2  1772.2
   1773.3  1773.3  1773.3  1773.3  1773.3  1773.3  1773.3  1773.3
   1773.3  1773.3  1773.3  1773.3  1773.3  1773.3  1773.3  1773.3
   1777.4  1777.4  1777.4  1777.4  1777.4  1777.4  1777.4  1777.4
   1777.4  1777.4  1777.4  1777.4  1777.4  1777.4  1777.4  1777.4
   1773.1  1773.1  1773.1  1773.1  1773.1  1773.1  1773.1  1773.1
   1773.1  1773.1  1773.1  1773.1  1773.1  1773.1  1773.1  1773.1
   1777.9  1777.9  1777.9  1777.9  1777.9  1777.9  1777.9  1777.9
   1777.9  1777.9  1777.9  1777.9  1777.9  1777.9  1777.9  1777.9
     1775    1775    1775    1775    1775    1775    1775    1775
     1775    1775    1775    1775    1775    1775    1775    1775
   1780.6  1780.6  1780.6  1780.6  1780.6  1780.6  1780.6  1780.6
   1780.6  1780.6  1780.6  1780.6  1780.6  1780.6  1780.6  1780.6
   1778.5  1778.5  1778.5  1778.5  1778.5  1778.5  1778.5  1778.5
   1778.5  1778.5  1778.5  1778.5  1778.5  1778.5  1778.5  1778.5
   1781.2  1781.2  1781.2  1781.2  1781.2  1781.2  1781.2  1781.2
   1781.2  1781.2  1781.2  1781.2  1781.2  1781.2  1781.2  1781.2
   1779.8  1779.8  1779.8  1779.8  1779.8  1779.8  1779.8  1779.8
   1779.8  1779.8  1779.8  1779.8  1779.8  1779.8  1779.8  1779.8
   1779.8  1779.8  1779.8  1779.8  1779.8  1779.8  1779.8  1779.8
   1779.8  1779.8  1779.8  1779.8  1779.8  1779.8  1779.8  1779.8
R.vdc.v2.detmap =
     6   24    0   95    0
     6   23    0   95   96
     6   22    0   95  192
     6   21    0   79  288
R.vdc.v2.position = 0  0  0.3587
R.vdc.v2.wire.start = 1.02793
R.vdc.v2.wire.angle = 45
R.vdc.v2.driftvel = 49480
R.vdc.v2.tdc.offsets =
   1777.3  1777.3  1777.3  1777.3  1777.3  1777.3  1777.3  1777.3
   1777.3  1777.3  1777.3  1777.3  1777.3  1777.3  1777.3  1777.3
   1777.3  1777.3  1777.3  1777.3  1777.3  1777.3  1777.3  1777.3
   1777.3  1777.3  1777.3  1777.3  1777.3  1777.3  1777.3  1777.3
   1778.8  1778.8  1778.8  1778.8  1778.8  1778.8  1778.8  1778.8
   1778.8  1778.8  1778.8  1778.8  1778.8  1778.8  1778.8  1778.8
   1782.2  1782.2  1782.2  1782.2  1782.2  1782.2  1782.2  1782.2
   1782.2  1782.2  1782.2  1782.2  1782.2  1782.2  1782.2  1782.2
   1781.6  1781.6  1781.6  1781.6  1781.6  1781.6  1781.6  1781.6
   1781.6  1781.6  1781.6  1781.6  1781.6  1781.6  1781.6  1781.6
     1779    1779    1779    1779    1779    1779    1779    1779
     1779    1779    1779    1779    1779    1779    1779    1779
   1784.9  1784.9  1784.9  1784.9  1784.9  1784.9  1784.9  1784.9
   1784.9  1784.9  1784.9  1784.9  1784.9  1784.9  1784.9  1784.9
   1776.3  1776.3  1776.3  1776.3  1776.3  1776.3  1776.3  1776.3
   1776.3  1776.3  1776.3  1776.3  1776.3  1776.3  1776.3  1776.3
   1779.2  1779.2  1779.2  1779.2  1779.2  1779.2  1779.2  1779.2
   1779.2  1779.2  1779.2  1779.2  1779.2  1779.2  1779.2  1779.2
     1781    1781    1781    1781    1781    1781    1781    1781
     1781    1781    1781    1781    1781    1781    1781    1781
   1782.1  1782.1  1782.1  1782.1  1782.1  1782.1  1782.1  1782.1
   1782.1  1782.1  1782.1  1782.1  1782.1  1782.1  1782.1  1782.1
   1777.4  1777.4  1777.4  1777.4  1777.4  1777.4  1777.4  1777.4
   1777.4  1777.4  1777.4  1777.4  1777.4  1777.4  1777.4  1777.4
   1780.6  1780.6  1780.6  1780.6  1780.6  1780.6  1780.6  1780.6
   1780.6  1780.6  1780.6  1780.6  1780.6  1780.6  1780.6  1780.6
     1783    1783    1783    1783    1783    1783    1783    1783
     1783    1783    1783    1783    1783    1783    1783    1783
     1785    1785    1785    1785    1785    1785    1785    1785
     1785    1785    1785    1785    1785    1785    1785    1785
   1784.6  1784.6  1784.6  1784.6  1784.6  1784.6  1784.6  1784.6
   1784.6  1784.6  1784.6  1784.6  1784.6  1784.6  1784.6  1784.6
   1784.3  1784.3  1784.3  1784.3  1784.3  1784.3  1784.3  1784.3
   1784.3  1784.3  1784.3  1784.3  1784.3  1784.3  1784.3  1784.3
   1784.7  1784.7  1784.7  1784.7  1784.7  1784.7  1784.7  1784.7
   1784.7  1784.7  1784.7  1784.7  1784.7  1784.7  1784.7  1784.7
     1788    1788    1788    1788    1788    1788    1788    1788
     1788    1788    1788    1788    1788    1788    1788    1788
   1786.7  1786.7  1786.7  1786.7  1786.7  1786.7  1786.7  1786.7
   1786.7  1786.7  1786.7  1786.7  1786.7  1786.7  1786.7  1786.7
   1787.4  1787.4  1787.4  1787.4  1787.4  1787.4  1787.4  1787.4
   1787.4  1787.4  1787.4  1787.4  1787.4  1787.4  1787.4  1787.4
   1787.4  1787.4  1787.4  1787.4  1787.4  1787.4  1787.4  1787.4
   1787.4  1787.4  1787.4  1787.4  1787.4  1787.4  1787.4  1787.4
   1787.4  1787.4  1787.4  1787.4  1787.4  1787.4  1787.4  1787.4
   1787.4  1787.4  1787.4  1787.4  1787.4  1787.4  1787.4  1787.4
R.vdc.matrixelem = 
t 0 0 0  -1.003100e+00 -3.500200e-01 -4.878100e-02  0.000000e+00  0.000000e+00  0.000000e+00  0.000000e+00  0
y 0 0 0  -6.725700e-03 -1.141500e-02 -3.353800e-03  0.000000e+00  0.000000e+00  0.000000e+00  0.000000e+00  0
p 0 0 0  -2.492000e-03 -2.014700e-02 -1.291400e-02  0.000000e+00  0.000000e+00  0.000000e+00  0.000000e+00  0
D 0 0 0   2.156000e-03  7.628000e-02  1.032800e-02  1.029100e-03 -3.844200e-03  0.000000e+00  0.000000e+00  0
D 0 0 1  -6.962300e-04  1.697200e-02 -6.017900e-02  0.000000e+00  0.000000e+00  0.000000e+00  0.000000e+00  0
D 0 0 2   1.061300e+00 -9.148900e-01  0.000000e+00  0.000000e+00  0.000000e+00  0.000000e+00  0.000000e+00  0
D 0 0 3  -6.392100e+00  0.000000e+00  0.000000e+00  0.000000e+00  0.000000e+00  0.000000e+00  0.000000e+00  0
D 0 1 0  -8.788700e-03 -5.888200e-03  1.931300e-02  0.000000e+00  0.000000e+00  0.000000e+00  0.000000e+00  0
D 0 1 1  -1.149200e+00 -1.379000e+00  5.069400e-01  0.000000e+00  0.000000e+00  0.000000e+00  0.000000e+00  0
D 0 1 2  -8.496800e+00  0.000000e+00  0.000000e+00  0.000000e+00  0.000000e+00  0.000000e+00  0.000000e+00  0
D 0 2 0   6.500800e-01  9.403000e-01  0.000000e+00  0.000000e+00  0.000000e+00  0.000000e+00  0.000000e+00  0
D 0 2 1   2.169900e+01  0.000000e+00  0.000000e+00  0.000000e+00  0.000000e+00  0.000000e+00  0.000000e+00  0
D 0 3 0  -7.716600e+00  0.000000e+00  0.000000e+00  0.000000e+00  0.000000e+00  0.000000e+00  0.000000e+00  0
D 0 4 0   4.256300e+01  0.000000e+00  0.000000e+00  0.000000e+00  0.000000e+00  0.000000e+00  0.000000e+00  0
D 0 5 0   2.563600e+03  0.000000e+00  0.000000e+00  0.000000e+00  0.000000e+00  0.000000e+00  0.000000e+00  0
D 1 0 0  -5.596500e-03  2.561900e-01  1.442300e-02 -7.105100e-02  0.000000e+00  0.000000e+00  0.000000e+00  0
D 1 0 1  -1.012900e+00  1.691700e+00 -3.055700e+00  0.000000e+00  0.000000e+00  0.000000e+00  0.000000e+00  0
D 1 0 2   4.753400e+01  2.813400e+01  0.000000e+00  0.000000e+00  0.000000e+00  0.000000e+00  0.000000e+00  0
D 1 1 0   9.302100e-01 -9.245400e-03  3.251000e+00  0.000000e+00  0.000000e+00  0.000000e+00  0.000000e+00  0
D 1 1 1  -1.147000e+01 -1.083200e+02  0.000000e+00  0.000000e+00  0.000000e+00  0.000000e+00  0.000000e+00  0
D 1 2 0  -3.167800e+01  5.529000e+01  0.000000e+00  0.000000e+00  0.000000e+00  0.000000e+00  0.000000e+00  0
D 1 3 0   5.468200e+02  0.000000e+00  0.000000e+00  0.000000e+00  0.000000e+00  0.000000e+00  0.000000e+00  0
D 1 4 0  -1.233200e+04  0.000000e+00  0.000000e+00  0.000000e+00  0.000000e+00  0.000000e+00  0.000000e+00  0
D 2 0 0  -2.172900e+00  1.879200e+00  1.469400e-01  0.000000e+00  0.000000e+00  0.000000e+00  0.000000e+00  0
D 2 0 1   6.298300e+00  5.307400e+01  0.000000e+00  0.000000e+00  0.000000e+00  0.000000e+00  0.000000e+00  0
D 2 1 0   5.414100e+01 -7.153600e+01  0.000000e+00  0.000000e+00  0.000000e+00  0.000000e+00  0.000000e+00  0
D 2 2 0  -1.426500e+03  0.000000e+00  0.000000e+00  0.000000e+00  0.000000e+00  0.000000e+00  0.000000e+00  0
D 2 3 0  -1.868600e+04  0.000000e+00  0.000000e+00  0.000000e+00  0.000000e+00  0.000000e+00  0.000000e+00  0
D 3 0 0   4.364000e+01  1.433800e+01  0.000000e+00  0.000000e+00  0.000000e+00  0.000000e+00  0.000000e+00  0
D 3 1 0  -2.972400e+03  0.000000e+00  0.000000e+00  0.000000e+00  0.000000e+00  0.000000e+00  0.000000e+00  0
D 3 2 0   9.107700e+04  0.000000e+00  0.000000e+00  0.000000e+00  0.000000e+00  0.000000e+00  0.000000e+00  0
D 4 0 0   3.021500e+03  0.000000e+00  0.000000e+00  0.000000e+00  0.000000e+00  0.000000e+00  0.000000e+00  0
D 4 1 0  -1.154500e+03  0.000000e+00  0.000000e+00  0.000000e+00  0.000000e+00  0.000000e+00  0.000000e+00  0
D 5 0 0  -9.496600e+03  0.000000e+00  0.000000e+00  0.000000e+00  0.000000e+00  0.000000e+00  0.000000e+00  0
T 0 0 0  -7.767600e-03 -1.091800e-03  7.058000e-04 -1.005600e-04  0.000000e+00  0.000000e+00  0.000000e+00  0
T 1 0 0  -2.307200e+00  4.294500e-01 -7.290300e-02  5.444600e-02  0.000000e+00  0.000000e+00  0.000000e+00  0
T 2 0 0  -1.173600e+01  2.661400e+00 -1.640900e+00  0.000000e+00  0.000000e+00  0.000000e+00  0.000000e+00  0
T 3 0 0   1.880700e+02 -4.686900e+01  0.000000e+00  0.000000e+00  0.000000e+00  0.000000e+00  0.000000e+00  0
T 4 0 0   7.731900e+03 -2.056500e+03  0.000000e+00  0.000000e+00  0.000000e+00  0.000000e+00  0.000000e+00  0
T 0 0 2   6.731700e-01  1.719600e+00 -1.951100e+00  0.000000e+00  0.000000e+00  0.000000e+00  0.000000e+00  0
T 0 2 0   5.898500e-01 -1.041500e-01  3.244300e-01  0.000000e+00  0.000000e+00  0.000000e+00  0.000000e+00  0
T 1 2 0  -1.399600e+02 -4.323800e+01  0.000000e+00  0.000000e+00  0.000000e+00  0.000000e+00  0.000000e+00  0
T 1 0 2  -1.530500e-01  3.482800e+01  0.000000e+00  0.000000e+00  0.000000e+00  0.000000e+00  0.000000e+00  0
T 2 2 0  -5.096700e+03  1.378600e+04  0.000000e+00  0.000000e+00  0.000000e+00  0.000000e+00  0.000000e+00  0
T 2 0 2   7.384300e+03 -4.176300e+03  0.000000e+00  0.000000e+00  0.000000e+00  0.000000e+00  0.000000e+00  0
T 0 2 2  -3.819000e+03  7.841300e+03  0.000000e+00  0.000000e+00  0.000000e+00  0.000000e+00  0.000000e+00  0
T 3 2 0   5.462100e+05  0.000000e+00  0.000000e+00  0.000000e+00  0.000000e+00  0.000000e+00  0.000000e+00  0
T 3 0 2   8.345100e+04  0.000000e+00  0.000000e+00  0.000000e+00  0.000000e+00  0.000000e+00  0.000000e+00  0
T 0 1 0  -3.346900e-02 -2.214200e-02 -2.301400e-02  0.000000e+00  0.000000e+00  0.000000e+00  0.000000e+00  0
T 0 0 1   4.033600e-02  3.629400e-03  6.469100e-02  0.000000e+00  0.000000e+00  0.000000e+00  0.000000e+00  0
T 1 1 0   8.933600e+00  7.582500e+00 -6.730700e+00  0.000000e+00  0.000000e+00  0.000000e+00  0.000000e+00  0
T 1 0 1  -1.470500e+01  2.598000e+00  1.457400e+01  0.000000e+00  0.000000e+00  0.000000e+00  0.000000e+00  0
T 0 1 1  -3.513800e-01  7.894100e-01 -4.254300e+00  0.000000e+00  0.000000e+00  0.000000e+00  0.000000e+00  0
T 2 1 0   2.484400e+02 -4.933400e+01  7.459900e+01  0.000000e+00  0.000000e+00  0.000000e+00  0.000000e+00  0
T 2 0 1  -1.470900e+02  1.631800e+01 -1.198400e+02  0.000000e+00  0.000000e+00  0.000000e+00  0.000000e+00  0
T 1 1 1   1.141800e+02 -7.160900e+01 -1.116300e+02  0.000000e+00  0.000000e+00  0.000000e+00  0.000000e+00  0
T 2 1 1   2.177800e+03 -3.051800e+04  0.000000e+00  0.000000e+00  0.000000e+00  0.000000e+00  0.000000e+00  0
T 3 1 0  -2.128400e+04  5.475200e+03  0.000000e+00  0.000000e+00  0.000000e+00  0.000000e+00  0.000000e+00  0
T 3 0 1   1.001800e+04 -2.270000e+04  0.000000e+00  0.000000e+00  0.000000e+00  0.000000e+00  0.000000e+00  0
P 0 0 0   4.868800e-04 -6.812100e-04  5.912600e-03  0.000000e+00  0.000000e+00  0.000000e+00  0.000000e+00  0
P 0 0 1  -3.191200e-03 -6.162300e-01  2.308000e-01 -1.720400e-01  0.000000e+00  0.000000e+00  0.000000e+00  0
P 1 0 0  -1.929500e-02 -1.238300e-01 -2.196900e-02  0.000000e+00  0.000000e+00  0.000000e+00  0.000000e+00  0
P 0 1 0  -7.676400e-01  4.731000e-01 -8.106200e-02 -9.087500e-02  2.294900e-01  0.000000e+00  0.000000e+00  0
P 0 2 0  -4.883300e-02  2.790000e-01  2.944600e-01  0.000000e+00  0.000000e+00  0.000000e+00  0.000000e+00  0
P 0 0 2   9.620300e-01  1.860500e+00 -1.705200e+00  0.000000e+00  0.000000e+00  0.000000e+00  0.000000e+00  0
P 2 0 0   6.811300e+00 -2.500300e+00  2.700700e+00  0.000000e+00  0.000000e+00  0.000000e+00  0.000000e+00  0
P 0 1 1  -2.234200e-01 -2.740500e+00  1.682900e-01  0.000000e+00  0.000000e+00  0.000000e+00  0.000000e+00  0
P 0 1 2   2.174600e+01 -6.618800e+02 -5.590100e+02  0.000000e+00  0.000000e+00  0.000000e+00  0.000000e+00  0
P 0 2 1   3.821400e+01 -5.599000e+01  5.538800e+02  0.000000e+00  0.000000e+00  0.000000e+00  0.000000e+00  0
P 1 1 0   5.697400e+00  3.647900e+00 -1.314500e+00  0.000000e+00  0.000000e+00  0.000000e+00  0.000000e+00  0
P 1 0 1  -1.382000e+00 -4.830400e-01  6.966400e+00  0.000000e+00  0.000000e+00  0.000000e+00  0.000000e+00  0
P 0 0 3   2.728200e+02  2.990300e+02  0.000000e+00  0.000000e+00  0.000000e+00  0.000000e+00  0.000000e+00  0
P 2 0 1   2.347100e+02 -4.541500e+02  0.000000e+00  0.000000e+00  0.000000e+00  0.000000e+00  0.000000e+00  0
P 2 1 0  -4.149700e+02  1.947000e+02 -4.893800e+01  0.000000e+00  0.000000e+00  0.000000e+00  0.000000e+00  0
P 3 0 1   1.335500e+04  2.035300e+03  0.000000e+00  0.000000e+00  0.000000e+00  0.000000e+00  0.000000e+00  0
P 3 1 0  -5.433900e+03 -4.795200e+03  0.000000e+00  0.000000e+00  0.000000e+00  0.000000e+00  0.000000e+00  0
P 3 1 1   3.337900e+03  0.000000e+00  0.000000e+00  0.000000e+00  0.000000e+00  0.000000e+00  0.000000e+00  0
P 4 0 1  -3.379700e+05  4.448600e+05  0.000000e+00  0.000000e+00  0.000000e+00  0.000000e+00  0.000000e+00  0
P 4 1 0   3.012900e+05 -1.552800e+04  0.000000e+00  0.000000e+00  0.000000e+00  0.000000e+00  0.000000e+00  0
P 0 3 0  -2.149800e+01 -3.952900e+01  1.179900e+02  0.000000e+00  0.000000e+00  0.000000e+00  0.000000e+00  0
P 1 1 1  -1.615400e+00 -3.705400e+01  6.326400e+01  0.000000e+00  0.000000e+00  0.000000e+00  0.000000e+00  0
P 1 2 1  -6.040200e+03  1.329100e+04  0.000000e+00  0.000000e+00  0.000000e+00  0.000000e+00  0.000000e+00  0
P 1 1 2   4.322000e+03 -2.379900e+04  0.000000e+00  0.000000e+00  0.000000e+00  0.000000e+00  0.000000e+00  0
P 2 1 1   8.194100e+03 -1.216400e+03  0.000000e+00  0.000000e+00  0.000000e+00  0.000000e+00  0.000000e+00  0
Y 0 0 0  -4.661385e-03  2.023974e-03  3.771986e-04 -3.637550e-03  4.430798e-03  0.000000e+00  0.000000e+00  5
Y 0 0 1   1.353122e+00  8.546664e-01 -1.178399e+00 -1.014071e+00  0.000000e+00  0.000000e+00  0.000000e+00  4
Y 0 0 2   2.869161e+01  1.252404e+01  7.535110e+00  1.418145e+02  0.000000e+00  0.000000e+00  0.000000e+00  4
Y 0 0 3  -2.061301e+03 -3.040363e+03  0.000000e+00  0.000000e+00  0.000000e+00  0.000000e+00  0.000000e+00  2
Y 0 1 0  -1.227906e-01 -1.537316e+00  3.319926e-01  1.589234e+00  0.000000e+00  0.000000e+00  0.000000e+00  4
Y 0 1 1  -1.002671e+00 -3.134016e+01 -4.973381e+01 -1.341959e+02  0.000000e+00  0.000000e+00  0.000000e+00  4
Y 0 1 2   9.310425e+02  6.397349e+03  5.845907e+03 -2.951872e+03  0.000000e+00  0.000000e+00  0.000000e+00  4
Y 0 2 0   1.492644e+00 -1.183213e+01  2.066298e+01  6.742377e+01  0.000000e+00  0.000000e+00  0.000000e+00  4
Y 0 2 1  -5.773729e+02 -1.986515e+03 -4.513829e+03 -3.838002e+02  0.000000e+00  0.000000e+00  0.000000e+00  4
Y 0 2 2  -2.379388e+03  1.375603e+04  0.000000e+00  0.000000e+00  0.000000e+00  0.000000e+00  0.000000e+00  2
Y 0 3 0   1.754484e+02  6.651246e+02  7.045233e+01  0.000000e+00  0.000000e+00  0.000000e+00  0.000000e+00  3
Y 0 4 0  -6.605937e+02 -6.657403e+01  0.000000e+00  0.000000e+00  0.000000e+00  0.000000e+00  0.000000e+00  2
Y 1 0 0   1.308406e-01  2.221692e-01 -2.281250e-02 -8.055006e-02  0.000000e+00  0.000000e+00  0.000000e+00  4
Y 1 0 1   1.779741e+01  1.755184e+01  2.064727e+00 -7.169199e+01  0.000000e+00  0.000000e+00  0.000000e+00  4
Y 1 0 2   1.564567e+00 -2.178272e+03  1.009435e+02  6.346494e+03  0.000000e+00  0.000000e+00  0.000000e+00  4
Y 1 0 3  -4.946754e+04  0.000000e+00  0.000000e+00  0.000000e+00  0.000000e+00  0.000000e+00  0.000000e+00  1
Y 1 1 0  -1.954926e+01 -5.423903e+00  2.013298e+00  3.620161e-02  0.000000e+00  0.000000e+00  0.000000e+00  4
Y 1 1 1  -8.802042e+02 -1.926798e+02  5.864028e+02  0.000000e+00  0.000000e+00  0.000000e+00  0.000000e+00  3
Y 1 1 2   9.230007e+04  1.144321e+05  0.000000e+00  0.000000e+00  0.000000e+00  0.000000e+00  0.000000e+00  2
Y 1 2 0  -1.268052e+02  7.049227e+02  5.137333e+02 -8.368731e+02  0.000000e+00  0.000000e+00  0.000000e+00  4
Y 1 2 1  -3.040219e+04 -7.917678e+04  0.000000e+00  0.000000e+00  0.000000e+00  0.000000e+00  0.000000e+00  2
Y 1 2 2   6.322055e+05 -2.078822e+06  0.000000e+00  0.000000e+00  0.000000e+00  0.000000e+00  0.000000e+00  2
Y 1 3 0   1.040374e+04  0.000000e+00  0.000000e+00  0.000000e+00  0.000000e+00  0.000000e+00  0.000000e+00  1
Y 2 0 0  -1.106865e+01 -1.376189e+00 -1.554294e+01  2.510988e+01  0.000000e+00  0.000000e+00  0.000000e+00  4
Y 2 0 1  -3.736162e+02  5.480813e+02  8.716939e+02  6.492088e+02  0.000000e+00  0.000000e+00  0.000000e+00  4
Y 2 1 0   8.073223e+02  4.063834e+01 -9.273923e+01 -3.536687e+03  0.000000e+00  0.000000e+00  0.000000e+00  4
Y 2 1 1   1.229385e+04 -5.291309e+03  0.000000e+00  0.000000e+00  0.000000e+00  0.000000e+00  0.000000e+00  2
Y 2 1 2   3.120433e+05 -4.232968e+06  0.000000e+00  0.000000e+00  0.000000e+00  0.000000e+00  0.000000e+00  2
Y 2 2 1  -1.076772e+06  4.223475e+06  0.000000e+00  0.000000e+00  0.000000e+00  0.000000e+00  0.000000e+00  2
Y 3 0 0  -1.903431e+02  0.000000e+00  0.000000e+00  0.000000e+00  0.000000e+00  0.000000e+00  0.000000e+00  1
Y 3 0 1  -1.253843e+04  0.000000e+00  0.000000e+00  0.000000e+00  0.000000e+00  0.000000e+00  0.000000e+00  1
Y 3 1 0   1.557423e+04  0.000000e+00  0.000000e+00  0.000000e+00  0.000000e+00  0.000000e+00  0.000000e+00  1
L 0 0 0 0  24.216
L 0 1 0 0 -13.1041
L 0 2 0 0  20.8672
L 0 1 1 0  -1.8728
L 1 0 0 0   0.0482
L 2 0 0 0   0.0675
L 1 0 0 1   0.0281
L 1 1 0 0   2.4314
L 0 0 0 1   0.1408
L 1 0 1 0  -0.0845
L 0 0 0 2   9.3063
L 0 0 2 0   6.3451
L 0 0 1 1  -7.7394
L 0 0 1 0  -0.1443
L 0 1 0 1   1.7292

--------[ 2018-01-23 00:00:00 -0500 ]
R.vdc.u1.tdc.offsets=
2060.6 2060.6 2060.6 2060.6 2060.6 2060.6 2060.6 2060.6 
2060.6 2060.6 2060.6 2060.6 2060.6 2060.6 2060.6 2060.6 
2057.6 2057.6 2057.6 2057.6 2057.6 2057.6 2057.6 2057.6 
2057.6 2057.6 2057.6 2057.6 2057.6 2057.6 2057.6 2057.6 
2058.0 2058.0 2058.0 2058.0 2058.0 2058.0 2058.0 2058.0 
2058.0 2058.0 2058.0 2058.0 2058.0 2058.0 2058.0 2058.0 
2058.2 2058.2 2058.2 2058.2 2058.2 2058.2 2058.2 2058.2 
2058.2 2058.2 2058.2 2058.2 2058.2 2058.2 2058.2 2058.2 
2058.1 2058.1 2058.1 2058.1 2058.1 2058.1 2058.1 2058.1 
2058.1 2058.1 2058.1 2058.1 2058.1 2058.1 2058.1 2058.1 
2055.4 2055.4 2055.4 2055.4 2055.4 2055.4 2055.4 2055.4 
2055.4 2055.4 2055.4 2055.4 2055.4 2055.4 2055.4 2055.4 
2060.7 2060.7 2060.7 2060.7 2060.7 2060.7 2060.7 2060.7 
2060.7 2060.7 2060.7 2060.7 2060.7 2060.7 2060.7 2060.7 
2060.7 2060.7 2060.7 2060.7 2060.7 2060.7 2060.7 2060.7 
2060.7 2060.7 2060.7 2060.7 2060.7 2060.7 2060.7 2060.7 
2063.7 2063.7 2063.7 2063.7 2063.7 2063.7 2063.7 2063.7 
2063.7 2063.7 2063.7 2063.7 2063.7 2063.7 2063.7 2063.7 
2060.3 2060.3 2060.3 2060.3 2060.3 2060.3 2060.3 2060.3 
2060.3 2060.3 2060.3 2060.3 2060.3 2060.3 2060.3 2060.3 
2062.9 2062.9 2062.9 2062.9 2062.9 2062.9 2062.9 2062.9 
2062.9 2062.9 2062.9 2062.9 2062.9 2062.9 2062.9 2062.9 
2063.5 2063.5 2063.5 2063.5 2063.5 2063.5 2063.5 2063.5 
2063.5 2063.5 2063.5 2063.5 2063.5 2063.5 2063.5 2063.5 
2064.3 2064.3 2064.3 2064.3 2064.3 2064.3 2064.3 2064.3 
2064.3 2064.3 2064.3 2064.3 2064.3 2064.3 2064.3 2064.3 
2063.8 2063.8 2063.8 2063.8 2063.8 2063.8 2063.8 2063.8 
2063.8 2063.8 2063.8 2063.8 2063.8 2063.8 2063.8 2063.8 
2063.5 2063.5 2063.5 2063.5 2063.5 2063.5 2063.5 2063.5 
2063.5 2063.5 2063.5 2063.5 2063.5 2063.5 2063.5 2063.5 
2062.3 2062.3 2062.3 2062.3 2062.3 2062.3 2062.3 2062.3 
2062.3 2062.3 2062.3 2062.3 2062.3 2062.3 2062.3 2062.3 
2065.5 2065.5 2065.5 2065.5 2065.5 2065.5 2065.5 2065.5 
2065.5 2065.5 2065.5 2065.5 2065.5 2065.5 2065.5 2065.5 
2062.1 2062.1 2062.1 2062.1 2062.1 2062.1 2062.1 2062.1 
2062.1 2062.1 2062.1 2062.1 2062.1 2062.1 2062.1 2062.1 
2068.3 2068.3 2068.3 2068.3 2068.3 2068.3 2068.3 2068.3 
2068.3 2068.3 2068.3 2068.3 2068.3 2068.3 2068.3 2068.3 
2066.7 2066.7 2066.7 2066.7 2066.7 2066.7 2066.7 2066.7 
2066.7 2066.7 2066.7 2066.7 2066.7 2066.7 2066.7 2066.7 
2065.1 2065.1 2065.1 2065.1 2065.1 2065.1 2065.1 2065.1 
2065.1 2065.1 2065.1 2065.1 2065.1 2065.1 2065.1 2065.1 
2068.1 2068.1 2068.1 2068.1 2068.1 2068.1 2068.1 2068.1 
2068.1 2068.1 2068.1 2068.1 2068.1 2068.1 2068.1 2068.1 
2071.5 2071.5 2071.5 2071.5 2071.5 2071.5 2071.5 2071.5 
2071.5 2071.5 2071.5 2071.5 2071.5 2071.5 2071.5 2071.5 

R.vdc.v1.tdc.offsets=
2064.1 2064.1 2064.1 2064.1 2064.1 2064.1 2064.1 2064.1 
2064.1 2064.1 2064.1 2064.1 2064.1 2064.1 2064.1 2064.1 
2063.3 2063.3 2063.3 2063.3 2063.3 2063.3 2063.3 2063.3 
2063.3 2063.3 2063.3 2063.3 2063.3 2063.3 2063.3 2063.3 
2065.3 2065.3 2065.3 2065.3 2065.3 2065.3 2065.3 2065.3 
2065.3 2065.3 2065.3 2065.3 2065.3 2065.3 2065.3 2065.3 
2065.2 2065.2 2065.2 2065.2 2065.2 2065.2 2065.2 2065.2 
2065.2 2065.2 2065.2 2065.2 2065.2 2065.2 2065.2 2065.2 
2065.3 2065.3 2065.3 2065.3 2065.3 2065.3 2065.3 2065.3 
2065.3 2065.3 2065.3 2065.3 2065.3 2065.3 2065.3 2065.3 
2063.5 2063.5 2063.5 2063.5 2063.5 2063.5 2063.5 2063.5 
2063.5 2063.5 2063.5 2063.5 2063.5 2063.5 2063.5 2063.5 
2066.3 2066.3 2066.3 2066.3 2066.3 2066.3 2066.3 2066.3 
2066.3 2066.3 2066.3 2066.3 2066.3 2066.3 2066.3 2066.3 
2065.6 2065.6 2065.6 2065.6 2065.6 2065.6 2065.6 2065.6 
2065.6 2065.6 2065.6 2065.6 2065.6 2065.6 2065.6 2065.6 
2065.2 2065.2 2065.2 2065.2 2065.2 2065.2 2065.2 2065.2 
2065.2 2065.2 2065.2 2065.2 2065.2 2065.2 2065.2 2065.2 
2065.3 2065.3 2065.3 2065.3 2065.3 2065.3 2065.3 2065.3 
2065.3 2065.3 2065.3 2065.3 2065.3 2065.3 2065.3 2065.3 
2067.7 2067.7 2067.7 2067.7 2067.7 2067.7 2067.7 2067.7 
2067.7 2067.7 2067.7 2067.7 2067.7 2067.7 2067.7 2067.7 
2066.4 2066.4 2066.4 2066.4 2066.4 2066.4 2066.4 2066.4 
2066.4 2066.4 2066.4 2066.4 2066.4 2066.4 2066.4 2066.4 
2068.6 2068.6 2068.6 2068.6 2068.6 2068.6 2068.6 2068.6 
2068.6 2068.6 2068.6 2068.6 2068.6 2068.6 2068.6 2068.6 
2067.6 2067.6 2067.6 2067.6 2067.6 2067.6 2067.6 2067.6 
2067.6 2067.6 2067.6 2067.6 2067.6 2067.6 2067.6 2067.6 
2066.6 2066.6 2066.6 2066.6 2066.6 2066.6 2066.6 2066.6 
2066.6 2066.6 2066.6 2066.6 2066.6 2066.6 2066.6 2066.6 
2066.6 2066.6 2066.6 2066.6 2066.6 2066.6 2066.6 2066.6 
2066.6 2066.6 2066.6 2066.6 2066.6 2066.6 2066.6 2066.6 
2066.8 2066.8 2066.8 2066.8 2066.8 2066.8 2066.8 2066.8 
2066.8 2066.8 2066.8 2066.8 2066.8 2066.8 2066.8 2066.8 
2065.3 2065.3 2065.3 2065.3 2065.3 2065.3 2065.3 2065.3 
2065.3 2065.3 2065.3 2065.3 2065.3 2065.3 2065.3 2065.3 
2070.1 2070.1 2070.1 2070.1 2070.1 2070.1 2070.1 2070.1 
2070.1 2070.1 2070.1 2070.1 2070.1 2070.1 2070.1 2070.1 
2066.6 2066.6 2066.6 2066.6 2066.6 2066.6 2066.6 2066.6 
2066.6 2066.6 2066.6 2066.6 2066.6 2066.6 2066.6 2066.6 
2066.7 2066.7 2066.7 2066.7 2066.7 2066.7 2066.7 2066.7 
2066.7 2066.7 2066.7 2066.7 2066.7 2066.7 2066.7 2066.7 
2067.5 2067.5 2067.5 2067.5 2067.5 2067.5 2067.5 2067.5 
2067.5 2067.5 2067.5 2067.5 2067.5 2067.5 2067.5 2067.5 
2071.7 2071.7 2071.7 2071.7 2071.7 2071.7 2071.7 2071.7 
2071.7 2071.7 2071.7 2071.7 2071.7 2071.7 2071.7 2071.7 

R.vdc.u2.tdc.offsets=
2054.6 2054.6 2054.6 2054.6 2054.6 2054.6 2054.6 2054.6 
2054.6 2054.6 2054.6 2054.6 2054.6 2054.6 2054.6 2054.6 
2048.3 2048.3 2048.3 2048.3 2048.3 2048.3 2048.3 2048.3 
2048.3 2048.3 2048.3 2048.3 2048.3 2048.3 2048.3 2048.3 
2050.0 2050.0 2050.0 2050.0 2050.0 2050.0 2050.0 2050.0 
2050.0 2050.0 2050.0 2050.0 2050.0 2050.0 2050.0 2050.0 
2049.5 2049.5 2049.5 2049.5 2049.5 2049.5 2049.5 2049.5 
2049.5 2049.5 2049.5 2049.5 2049.5 2049.5 2049.5 2049.5 
2047.8 2047.8 2047.8 2047.8 2047.8 2047.8 2047.8 2047.8 
2047.8 2047.8 2047.8 2047.8 2047.8 2047.8 2047.8 2047.8 
2050.4 2050.4 2050.4 2050.4 2050.4 2050.4 2050.4 2050.4 
2050.4 2050.4 2050.4 2050.4 2050.4 2050.4 2050.4 2050.4 
2054.2 2054.2 2054.2 2054.2 2054.2 2054.2 2054.2 2054.2 
2054.2 2054.2 2054.2 2054.2 2054.2 2054.2 2054.2 2054.2 
2054.0 2054.0 2054.0 2054.0 2054.0 2054.0 2054.0 2054.0 
2054.0 2054.0 2054.0 2054.0 2054.0 2054.0 2054.0 2054.0 
2054.1 2054.1 2054.1 2054.1 2054.1 2054.1 2054.1 2054.1 
2054.1 2054.1 2054.1 2054.1 2054.1 2054.1 2054.1 2054.1 
2052.6 2052.6 2052.6 2052.6 2052.6 2052.6 2052.6 2052.6 
2052.6 2052.6 2052.6 2052.6 2052.6 2052.6 2052.6 2052.6 
2055.0 2055.0 2055.0 2055.0 2055.0 2055.0 2055.0 2055.0 
2055.0 2055.0 2055.0 2055.0 2055.0 2055.0 2055.0 2055.0 
2055.0 2055.0 2055.0 2055.0 2055.0 2055.0 2055.0 2055.0 
2055.0 2055.0 2055.0 2055.0 2055.0 2055.0 2055.0 2055.0 
2054.6 2054.6 2054.6 2054.6 2054.6 2054.6 2054.6 2054.6 
2054.6 2054.6 2054.6 2054.6 2054.6 2054.6 2054.6 2054.6 
2053.5 2053.5 2053.5 2053.5 2053.5 2053.5 2053.5 2053.5 
2053.5 2053.5 2053.5 2053.5 2053.5 2053.5 2053.5 2053.5 
2054.7 2054.7 2054.7 2054.7 2054.7 2054.7 2054.7 2054.7 
2054.7 2054.7 2054.7 2054.7 2054.7 2054.7 2054.7 2054.7 
2053.9 2053.9 2053.9 2053.9 2053.9 2053.9 2053.9 2053.9 
2053.9 2053.9 2053.9 2053.9 2053.9 2053.9 2053.9 2053.9 
2058.3 2058.3 2058.3 2058.3 2058.3 2058.3 2058.3 2058.3 
2058.3 2058.3 2058.3 2058.3 2058.3 2058.3 2058.3 2058.3 
2057.4 2057.4 2057.4 2057.4 2057.4 2057.4 2057.4 2057.4 
2057.4 2057.4 2057.4 2057.4 2057.4 2057.4 2057.4 2057.4 
2060.6 2060.6 2060.6 2060.6 2060.6 2060.6 2060.6 2060.6 
2060.6 2060.6 2060.6 2060.6 2060.6 2060.6 2060.6 2060.6 
2061.2 2061.2 2061.2 2061.2 2061.2 2061.2 2061.2 2061.2 
2061.2 2061.2 2061.2 2061.2 2061.2 2061.2 2061.2 2061.2 
2059.9 2059.9 2059.9 2059.9 2059.9 2059.9 2059.9 2059.9 
2059.9 2059.9 2059.9 2059.9 2059.9 2059.9 2059.9 2059.9 
2060.5 2060.5 2060.5 2060.5 2060.5 2060.5 2060.5 2060.5 
2060.5 2060.5 2060.5 2060.5 2060.5 2060.5 2060.5 2060.5 
2063.4 2063.4 2063.4 2063.4 2063.4 2063.4 2063.4 2063.4 
2063.4 2063.4 2063.4 2063.4 2063.4 2063.4 2063.4 2063.4 

R.vdc.v2.tdc.offsets=
2065.3 2065.3 2065.3 2065.3 2065.3 2065.3 2065.3 2065.3 
2065.3 2065.3 2065.3 2065.3 2065.3 2065.3 2065.3 2065.3 
2063.6 2063.6 2063.6 2063.6 2063.6 2063.6 2063.6 2063.6 
2063.6 2063.6 2063.6 2063.6 2063.6 2063.6 2063.6 2063.6 
2063.4 2063.4 2063.4 2063.4 2063.4 2063.4 2063.4 2063.4 
2063.4 2063.4 2063.4 2063.4 2063.4 2063.4 2063.4 2063.4 
2061.7 2061.7 2061.7 2061.7 2061.7 2061.7 2061.7 2061.7 
2061.7 2061.7 2061.7 2061.7 2061.7 2061.7 2061.7 2061.7 
2061.3 2061.3 2061.3 2061.3 2061.3 2061.3 2061.3 2061.3 
2061.3 2061.3 2061.3 2061.3 2061.3 2061.3 2061.3 2061.3 
2061.1 2061.1 2061.1 2061.1 2061.1 2061.1 2061.1 2061.1 
2061.1 2061.1 2061.1 2061.1 2061.1 2061.1 2061.1 2061.1 
2064.6 2064.6 2064.6 2064.6 2064.6 2064.6 2064.6 2064.6 
2064.6 2064.6 2064.6 2064.6 2064.6 2064.6 2064.6 2064.6 
2061.2 2061.2 2061.2 2061.2 2061.2 2061.2 2061.2 2061.2 
2061.2 2061.2 2061.2 2061.2 2061.2 2061.2 2061.2 2061.2 
2059.2 2059.2 2059.2 2059.2 2059.2 2059.2 2059.2 2059.2 
2059.2 2059.2 2059.2 2059.2 2059.2 2059.2 2059.2 2059.2 
2061.3 2061.3 2061.3 2061.3 2061.3 2061.3 2061.3 2061.3 
2061.3 2061.3 2061.3 2061.3 2061.3 2061.3 2061.3 2061.3 
2063.5 2063.5 2063.5 2063.5 2063.5 2063.5 2063.5 2063.5 
2063.5 2063.5 2063.5 2063.5 2063.5 2063.5 2063.5 2063.5 
2061.3 2061.3 2061.3 2061.3 2061.3 2061.3 2061.3 2061.3 
2061.3 2061.3 2061.3 2061.3 2061.3 2061.3 2061.3 2061.3 
2064.1 2064.1 2064.1 2064.1 2064.1 2064.1 2064.1 2064.1 
2064.1 2064.1 2064.1 2064.1 2064.1 2064.1 2064.1 2064.1 
2063.3 2063.3 2063.3 2063.3 2063.3 2063.3 2063.3 2063.3 
2063.3 2063.3 2063.3 2063.3 2063.3 2063.3 2063.3 2063.3 
2064.9 2064.9 2064.9 2064.9 2064.9 2064.9 2064.9 2064.9 
2064.9 2064.9 2064.9 2064.9 2064.9 2064.9 2064.9 2064.9 
2062.9 2062.9 2062.9 2062.9 2062.9 2062.9 2062.9 2062.9 
2062.9 2062.9 2062.9 2062.9 2062.9 2062.9 2062.9 2062.9 
2065.0 2065.0 2065.0 2065.0 2065.0 2065.0 2065.0 2065.0 
2065.0 2065.0 2065.0 2065.0 2065.0 2065.0 2065.0 2065.0 
2061.7 2061.7 2061.7 2061.7 2061.7 2061.7 2061.7 2061.7 
2061.7 2061.7 2061.7 2061.7 2061.7 2061.7 2061.7 2061.7 
2068.8 2068.8 2068.8 2068.8 2068.8 2068.8 2068.8 2068.8 
2068.8 2068.8 2068.8 2068.8 2068.8 2068.8 2068.8 2068.8 
2067.2 2067.2 2067.2 2067.2 2067.2 2067.2 2067.2 2067.2 
2067.2 2067.2 2067.2 2067.2 2067.2 2067.2 2067.2 2067.2 
2065.2 2065.2 2065.2 2065.2 2065.2 2065.2 2065.2 2065.2 
2065.2 2065.2 2065.2 2065.2 2065.2 2065.2 2065.2 2065.2 
2062.4 2062.4 2062.4 2062.4 2062.4 2062.4 2062.4 2062.4 
2062.4 2062.4 2062.4 2062.4 2062.4 2062.4 2062.4 2062.4 
2068.6 2068.6 2068.6 2068.6 2068.6 2068.6 2068.6 2068.6 
2068.6 2068.6 2068.6 2068.6 2068.6 2068.6 2068.6 2068.6 

--------[ 2018-05-03 00:00:00 -0500 ]
R.vdc.u1.tdc.offsets=
2059.0 2059.0 2059.0 2059.0 2059.0 2059.0 2059.0 2059.0 
2059.0 2059.0 2059.0 2059.0 2059.0 2059.0 2059.0 2059.0 
2055.7 2055.7 2055.7 2055.7 2055.7 2055.7 2055.7 2055.7 
2055.7 2055.7 2055.7 2055.7 2055.7 2055.7 2055.7 2055.7 
2056.0 2056.0 2056.0 2056.0 2056.0 2056.0 2056.0 2056.0 
2056.0 2056.0 2056.0 2056.0 2056.0 2056.0 2056.0 2056.0 
2056.1 2056.1 2056.1 2056.1 2056.1 2056.1 2056.1 2056.1 
2056.1 2056.1 2056.1 2056.1 2056.1 2056.1 2056.1 2056.1 
2057.0 2057.0 2057.0 2057.0 2057.0 2057.0 2057.0 2057.0 
2057.0 2057.0 2057.0 2057.0 2057.0 2057.0 2057.0 2057.0 
2052.5 2052.5 2052.5 2052.5 2052.5 2052.5 2052.5 2052.5 
2052.5 2052.5 2052.5 2052.5 2052.5 2052.5 2052.5 2052.5 
2057.6 2057.6 2057.6 2057.6 2057.6 2057.6 2057.6 2057.6 
2057.6 2057.6 2057.6 2057.6 2057.6 2057.6 2057.6 2057.6 
2057.7 2057.7 2057.7 2057.7 2057.7 2057.7 2057.7 2057.7 
2057.7 2057.7 2057.7 2057.7 2057.7 2057.7 2057.7 2057.7 
2060.3 2060.3 2060.3 2060.3 2060.3 2060.3 2060.3 2060.3 
2060.3 2060.3 2060.3 2060.3 2060.3 2060.3 2060.3 2060.3 
2058.3 2058.3 2058.3 2058.3 2058.3 2058.3 2058.3 2058.3 
2058.3 2058.3 2058.3 2058.3 2058.3 2058.3 2058.3 2058.3 
2061.6 2061.6 2061.6 2061.6 2061.6 2061.6 2061.6 2061.6 
2061.6 2061.6 2061.6 2061.6 2061.6 2061.6 2061.6 2061.6 
2061.1 2061.1 2061.1 2061.1 2061.1 2061.1 2061.1 2061.1 
2061.1 2061.1 2061.1 2061.1 2061.1 2061.1 2061.1 2061.1 
2062.1 2062.1 2062.1 2062.1 2062.1 2062.1 2062.1 2062.1 
2062.1 2062.1 2062.1 2062.1 2062.1 2062.1 2062.1 2062.1 
2060.3 2060.3 2060.3 2060.3 2060.3 2060.3 2060.3 2060.3 
2060.3 2060.3 2060.3 2060.3 2060.3 2060.3 2060.3 2060.3 
2061.4 2061.4 2061.4 2061.4 2061.4 2061.4 2061.4 2061.4 
2061.4 2061.4 2061.4 2061.4 2061.4 2061.4 2061.4 2061.4 
2061.0 2061.0 2061.0 2061.0 2061.0 2061.0 2061.0 2061.0 
2061.0 2061.0 2061.0 2061.0 2061.0 2061.0 2061.0 2061.0 
2063.5 2063.5 2063.5 2063.5 2063.5 2063.5 2063.5 2063.5 
2063.5 2063.5 2063.5 2063.5 2063.5 2063.5 2063.5 2063.5 
2060.5 2060.5 2060.5 2060.5 2060.5 2060.5 2060.5 2060.5 
2060.5 2060.5 2060.5 2060.5 2060.5 2060.5 2060.5 2060.5 
2066.6 2066.6 2066.6 2066.6 2066.6 2066.6 2066.6 2066.6 
2066.6 2066.6 2066.6 2066.6 2066.6 2066.6 2066.6 2066.6 
2063.0 2063.0 2063.0 2063.0 2063.0 2063.0 2063.0 2063.0 
2063.0 2063.0 2063.0 2063.0 2063.0 2063.0 2063.0 2063.0 
2066.7 2066.7 2066.7 2066.7 2066.7 2066.7 2066.7 2066.7 
2066.7 2066.7 2066.7 2066.7 2066.7 2066.7 2066.7 2066.7 
2064.1 2064.1 2064.1 2064.1 2064.1 2064.1 2064.1 2064.1 
2064.1 2064.1 2064.1 2064.1 2064.1 2064.1 2064.1 2064.1 
2067.2 2067.2 2067.2 2067.2 2067.2 2067.2 2067.2 2067.2 
2067.2 2067.2 2067.2 2067.2 2067.2 2067.2 2067.2 2067.2 

R.vdc.v1.tdc.offsets=
2064.0 2064.0 2064.0 2064.0 2064.0 2064.0 2064.0 2064.0 
2064.0 2064.0 2064.0 2064.0 2064.0 2064.0 2064.0 2064.0 
2061.2 2061.2 2061.2 2061.2 2061.2 2061.2 2061.2 2061.2 
2061.2 2061.2 2061.2 2061.2 2061.2 2061.2 2061.2 2061.2 
2062.9 2062.9 2062.9 2062.9 2062.9 2062.9 2062.9 2062.9 
2062.9 2062.9 2062.9 2062.9 2062.9 2062.9 2062.9 2062.9 
2062.0 2062.0 2062.0 2062.0 2062.0 2062.0 2062.0 2062.0 
2062.0 2062.0 2062.0 2062.0 2062.0 2062.0 2062.0 2062.0 
2062.7 2062.7 2062.7 2062.7 2062.7 2062.7 2062.7 2062.7 
2062.7 2062.7 2062.7 2062.7 2062.7 2062.7 2062.7 2062.7 
2060.8 2060.8 2060.8 2060.8 2060.8 2060.8 2060.8 2060.8 
2060.8 2060.8 2060.8 2060.8 2060.8 2060.8 2060.8 2060.8 
2062.4 2062.4 2062.4 2062.4 2062.4 2062.4 2062.4 2062.4 
2062.4 2062.4 2062.4 2062.4 2062.4 2062.4 2062.4 2062.4 
2062.6 2062.6 2062.6 2062.6 2062.6 2062.6 2062.6 2062.6 
2062.6 2062.6 2062.6 2062.6 2062.6 2062.6 2062.6 2062.6 
2062.7 2062.7 2062.7 2062.7 2062.7 2062.7 2062.7 2062.7 
2062.7 2062.7 2062.7 2062.7 2062.7 2062.7 2062.7 2062.7 
2062.0 2062.0 2062.0 2062.0 2062.0 2062.0 2062.0 2062.0 
2062.0 2062.0 2062.0 2062.0 2062.0 2062.0 2062.0 2062.0 
2064.9 2064.9 2064.9 2064.9 2064.9 2064.9 2064.9 2064.9 
2064.9 2064.9 2064.9 2064.9 2064.9 2064.9 2064.9 2064.9 
2064.5 2064.5 2064.5 2064.5 2064.5 2064.5 2064.5 2064.5 
2064.5 2064.5 2064.5 2064.5 2064.5 2064.5 2064.5 2064.5 
2065.9 2065.9 2065.9 2065.9 2065.9 2065.9 2065.9 2065.9 
2065.9 2065.9 2065.9 2065.9 2065.9 2065.9 2065.9 2065.9 
2065.3 2065.3 2065.3 2065.3 2065.3 2065.3 2065.3 2065.3 
2065.3 2065.3 2065.3 2065.3 2065.3 2065.3 2065.3 2065.3 
2064.2 2064.2 2064.2 2064.2 2064.2 2064.2 2064.2 2064.2 
2064.2 2064.2 2064.2 2064.2 2064.2 2064.2 2064.2 2064.2 
2063.3 2063.3 2063.3 2063.3 2063.3 2063.3 2063.3 2063.3 
2063.3 2063.3 2063.3 2063.3 2063.3 2063.3 2063.3 2063.3 
2065.3 2065.3 2065.3 2065.3 2065.3 2065.3 2065.3 2065.3 
2065.3 2065.3 2065.3 2065.3 2065.3 2065.3 2065.3 2065.3 
2062.7 2062.7 2062.7 2062.7 2062.7 2062.7 2062.7 2062.7 
2062.7 2062.7 2062.7 2062.7 2062.7 2062.7 2062.7 2062.7 
2067.1 2067.1 2067.1 2067.1 2067.1 2067.1 2067.1 2067.1 
2067.1 2067.1 2067.1 2067.1 2067.1 2067.1 2067.1 2067.1 
2064.7 2064.7 2064.7 2064.7 2064.7 2064.7 2064.7 2064.7 
2064.7 2064.7 2064.7 2064.7 2064.7 2064.7 2064.7 2064.7 
2066.1 2066.1 2066.1 2066.1 2066.1 2066.1 2066.1 2066.1 
2066.1 2066.1 2066.1 2066.1 2066.1 2066.1 2066.1 2066.1 
2063.2 2063.2 2063.2 2063.2 2063.2 2063.2 2063.2 2063.2 
2063.2 2063.2 2063.2 2063.2 2063.2 2063.2 2063.2 2063.2 
2068.6 2068.6 2068.6 2068.6 2068.6 2068.6 2068.6 2068.6 
2068.6 2068.6 2068.6 2068.6 2068.6 2068.6 2068.6 2068.6 

R.vdc.u2.tdc.offsets=
2048.5 2048.5 2048.5 2048.5 2048.5 2048.5 2048.5 2048.5 
2048.5 2048.5 2048.5 2048.5 2048.5 2048.5 2048.5 2048.5 
2047.9 2047.9 2047.9 2047.9 2047.9 2047.9 2047.9 2047.9 
2047.9 2047.9 2047.9 2047.9 2047.9 2047.9 2047.9 2047.9 
2048.3 2048.3 2048.3 2048.3 2048.3 2048.3 2048.3 2048.3 
2048.3 2048.3 2048.3 2048.3 2048.3 2048.3 2048.3 2048.3 
2045.8 2045.8 2045.8 2045.8 2045.8 2045.8 2045.8 2045.8 
2045.8 2045.8 2045.8 2045.8 2045.8 2045.8 2045.8 2045.8 
2046.4 2046.4 2046.4 2046.4 2046.4 2046.4 2046.4 2046.4 
2046.4 2046.4 2046.4 2046.4 2046.4 2046.4 2046.4 2046.4 
2045.6 2045.6 2045.6 2045.6 2045.6 2045.6 2045.6 2045.6 
2045.6 2045.6 2045.6 2045.6 2045.6 2045.6 2045.6 2045.6 
2051.7 2051.7 2051.7 2051.7 2051.7 2051.7 2051.7 2051.7 
2051.7 2051.7 2051.7 2051.7 2051.7 2051.7 2051.7 2051.7 
2050.8 2050.8 2050.8 2050.8 2050.8 2050.8 2050.8 2050.8 
2050.8 2050.8 2050.8 2050.8 2050.8 2050.8 2050.8 2050.8 
2051.8 2051.8 2051.8 2051.8 2051.8 2051.8 2051.8 2051.8 
2051.8 2051.8 2051.8 2051.8 2051.8 2051.8 2051.8 2051.8 
2051.5 2051.5 2051.5 2051.5 2051.5 2051.5 2051.5 2051.5 
2051.5 2051.5 2051.5 2051.5 2051.5 2051.5 2051.5 2051.5 
2053.0 2053.0 2053.0 2053.0 2053.0 2053.0 2053.0 2053.0 
2053.0 2053.0 2053.0 2053.0 2053.0 2053.0 2053.0 2053.0 
2053.2 2053.2 2053.2 2053.2 2053.2 2053.2 2053.2 2053.2 
2053.2 2053.2 2053.2 2053.2 2053.2 2053.2 2053.2 2053.2 
2052.5 2052.5 2052.5 2052.5 2052.5 2052.5 2052.5 2052.5 
2052.5 2052.5 2052.5 2052.5 2052.5 2052.5 2052.5 2052.5 
2051.9 2051.9 2051.9 2051.9 2051.9 2051.9 2051.9 2051.9 
2051.9 2051.9 2051.9 2051.9 2051.9 2051.9 2051.9 2051.9 
2053.9 2053.9 2053.9 2053.9 2053.9 2053.9 2053.9 2053.9 
2053.9 2053.9 2053.9 2053.9 2053.9 2053.9 2053.9 2053.9 
2051.0 2051.0 2051.0 2051.0 2051.0 2051.0 2051.0 2051.0 
2051.0 2051.0 2051.0 2051.0 2051.0 2051.0 2051.0 2051.0 
2055.3 2055.3 2055.3 2055.3 2055.3 2055.3 2055.3 2055.3 
2055.3 2055.3 2055.3 2055.3 2055.3 2055.3 2055.3 2055.3 
2054.4 2054.4 2054.4 2054.4 2054.4 2054.4 2054.4 2054.4 
2054.4 2054.4 2054.4 2054.4 2054.4 2054.4 2054.4 2054.4 
2057.6 2057.6 2057.6 2057.6 2057.6 2057.6 2057.6 2057.6 
2057.6 2057.6 2057.6 2057.6 2057.6 2057.6 2057.6 2057.6 
2057.9 2057.9 2057.9 2057.9 2057.9 2057.9 2057.9 2057.9 
2057.9 2057.9 2057.9 2057.9 2057.9 2057.9 2057.9 2057.9 
2058.6 2058.6 2058.6 2058.6 2058.6 2058.6 2058.6 2058.6 
2058.6 2058.6 2058.6 2058.6 2058.6 2058.6 2058.6 2058.6 
2058.5 2058.5 2058.5 2058.5 2058.5 2058.5 2058.5 2058.5 
2058.5 2058.5 2058.5 2058.5 2058.5 2058.5 2058.5 2058.5 
2057.2 2057.2 2057.2 2057.2 2057.2 2057.2 2057.2 2057.2 
2057.2 2057.2 2057.2 2057.2 2057.2 2057.2 2057.2 2057.2 

R.vdc.v2.tdc.offsets=
2062.7 2062.7 2062.7 2062.7 2062.7 2062.7 2062.7 2062.7 
2062.7 2062.7 2062.7 2062.7 2062.7 2062.7 2062.7 2062.7 
2060.5 2060.5 2060.5 2060.5 2060.5 2060.5 2060.5 2060.5 
2060.5 2060.5 2060.5 2060.5 2060.5 2060.5 2060.5 2060.5 
2061.1 2061.1 2061.1 2061.1 2061.1 2061.1 2061.1 2061.1 
2061.1 2061.1 2061.1 2061.1 2061.1 2061.1 2061.1 2061.1 
2058.9 2058.9 2058.9 2058.9 2058.9 2058.9 2058.9 2058.9 
2058.9 2058.9 2058.9 2058.9 2058.9 2058.9 2058.9 2058.9 
2059.5 2059.5 2059.5 2059.5 2059.5 2059.5 2059.5 2059.5 
2059.5 2059.5 2059.5 2059.5 2059.5 2059.5 2059.5 2059.5 
2057.5 2057.5 2057.5 2057.5 2057.5 2057.5 2057.5 2057.5 
2057.5 2057.5 2057.5 2057.5 2057.5 2057.5 2057.5 2057.5 
2061.1 2061.1 2061.1 2061.1 2061.1 2061.1 2061.1 2061.1 
2061.1 2061.1 2061.1 2061.1 2061.1 2061.1 2061.1 2061.1 
2057.4 2057.4 2057.4 2057.4 2057.4 2057.4 2057.4 2057.4 
2057.4 2057.4 2057.4 2057.4 2057.4 2057.4 2057.4 2057.4 
2057.9 2057.9 2057.9 2057.9 2057.9 2057.9 2057.9 2057.9 
2057.9 2057.9 2057.9 2057.9 2057.9 2057.9 2057.9 2057.9 
2058.8 2058.8 2058.8 2058.8 2058.8 2058.8 2058.8 2058.8 
2058.8 2058.8 2058.8 2058.8 2058.8 2058.8 2058.8 2058.8 
2060.3 2060.3 2060.3 2060.3 2060.3 2060.3 2060.3 2060.3 
2060.3 2060.3 2060.3 2060.3 2060.3 2060.3 2060.3 2060.3 
2058.5 2058.5 2058.5 2058.5 2058.5 2058.5 2058.5 2058.5 
2058.5 2058.5 2058.5 2058.5 2058.5 2058.5 2058.5 2058.5 
2062.3 2062.3 2062.3 2062.3 2062.3 2062.3 2062.3 2062.3 
2062.3 2062.3 2062.3 2062.3 2062.3 2062.3 2062.3 2062.3 
2061.1 2061.1 2061.1 2061.1 2061.1 2061.1 2061.1 2061.1 
2061.1 2061.1 2061.1 2061.1 2061.1 2061.1 2061.1 2061.1 
2062.8 2062.8 2062.8 2062.8 2062.8 2062.8 2062.8 2062.8 
2062.8 2062.8 2062.8 2062.8 2062.8 2062.8 2062.8 2062.8 
2059.5 2059.5 2059.5 2059.5 2059.5 2059.5 2059.5 2059.5 
2059.5 2059.5 2059.5 2059.5 2059.5 2059.5 2059.5 2059.5 
2062.2 2062.2 2062.2 2062.2 2062.2 2062.2 2062.2 2062.2 
2062.2 2062.2 2062.2 2062.2 2062.2 2062.2 2062.2 2062.2 
2060.1 2060.1 2060.1 2060.1 2060.1 2060.1 2060.1 2060.1 
2060.1 2060.1 2060.1 2060.1 2060.1 2060.1 2060.1 2060.1 
2066.8 2066.8 2066.8 2066.8 2066.8 2066.8 2066.8 2066.8 
2066.8 2066.8 2066.8 2066.8 2066.8 2066.8 2066.8 2066.8 
2065.7 2065.7 2065.7 2065.7 2065.7 2065.7 2065.7 2065.7 
2065.7 2065.7 2065.7 2065.7 2065.7 2065.7 2065.7 2065.7 
2064.1 2064.1 2064.1 2064.1 2064.1 2064.1 2064.1 2064.1 
2064.1 2064.1 2064.1 2064.1 2064.1 2064.1 2064.1 2064.1 
2062.0 2062.0 2062.0 2062.0 2062.0 2062.0 2062.0 2062.0 
2062.0 2062.0 2062.0 2062.0 2062.0 2062.0 2062.0 2062.0 
2063.7 2063.7 2063.7 2063.7 2063.7 2063.7 2063.7 2063.7 
2063.7 2063.7 2063.7 2063.7 2063.7 2063.7 2063.7 2063.7 

  
--------[ 2018-09-26 00:00:00 -0500 ]
# vdc t0 calibrated with run 93543
R.vdc.u1.tdc.offsets=
2060.0 2060.0 2060.0 2060.0 2060.0 2060.0 2060.0 2060.0 
2060.0 2060.0 2060.0 2060.0 2060.0 2060.0 2060.0 2060.0 
2058.5 2058.5 2058.5 2058.5 2058.5 2058.5 2058.5 2058.5 
2058.5 2058.5 2058.5 2058.5 2058.5 2058.5 2058.5 2058.5 
2059.0 2059.0 2059.0 2059.0 2059.0 2059.0 2059.0 2059.0 
2059.0 2059.0 2059.0 2059.0 2059.0 2059.0 2059.0 2059.0 
2058.2 2058.2 2058.2 2058.2 2058.2 2058.2 2058.2 2058.2 
2058.2 2058.2 2058.2 2058.2 2058.2 2058.2 2058.2 2058.2 
2059.7 2059.7 2059.7 2059.7 2059.7 2059.7 2059.7 2059.7 
2059.7 2059.7 2059.7 2059.7 2059.7 2059.7 2059.7 2059.7 
2056.4 2056.4 2056.4 2056.4 2056.4 2056.4 2056.4 2056.4 
2056.4 2056.4 2056.4 2056.4 2056.4 2056.4 2056.4 2056.4 
2059.4 2059.4 2059.4 2059.4 2059.4 2059.4 2059.4 2059.4 
2059.4 2059.4 2059.4 2059.4 2059.4 2059.4 2059.4 2059.4 
2060.2 2060.2 2060.2 2060.2 2060.2 2060.2 2060.2 2060.2 
2060.2 2060.2 2060.2 2060.2 2060.2 2060.2 2060.2 2060.2 
2064.1 2064.1 2064.1 2064.1 2064.1 2064.1 2064.1 2064.1 
2064.1 2064.1 2064.1 2064.1 2064.1 2064.1 2064.1 2064.1 
2060.0 2060.0 2060.0 2060.0 2060.0 2060.0 2060.0 2060.0 
2060.0 2060.0 2060.0 2060.0 2060.0 2060.0 2060.0 2060.0 
2065.6 2065.6 2065.6 2065.6 2065.6 2065.6 2065.6 2065.6 
2065.6 2065.6 2065.6 2065.6 2065.6 2065.6 2065.6 2065.6 
2063.7 2063.7 2063.7 2063.7 2063.7 2063.7 2063.7 2063.7 
2063.7 2063.7 2063.7 2063.7 2063.7 2063.7 2063.7 2063.7 
2066.8 2066.8 2066.8 2066.8 2066.8 2066.8 2066.8 2066.8 
2066.8 2066.8 2066.8 2066.8 2066.8 2066.8 2066.8 2066.8 
2063.4 2063.4 2063.4 2063.4 2063.4 2063.4 2063.4 2063.4 
2063.4 2063.4 2063.4 2063.4 2063.4 2063.4 2063.4 2063.4 
2064.1 2064.1 2064.1 2064.1 2064.1 2064.1 2064.1 2064.1 
2064.1 2064.1 2064.1 2064.1 2064.1 2064.1 2064.1 2064.1 
2062.7 2062.7 2062.7 2062.7 2062.7 2062.7 2062.7 2062.7 
2062.7 2062.7 2062.7 2062.7 2062.7 2062.7 2062.7 2062.7 
2067.0 2067.0 2067.0 2067.0 2067.0 2067.0 2067.0 2067.0 
2067.0 2067.0 2067.0 2067.0 2067.0 2067.0 2067.0 2067.0 
2061.1 2061.1 2061.1 2061.1 2061.1 2061.1 2061.1 2061.1 
2061.1 2061.1 2061.1 2061.1 2061.1 2061.1 2061.1 2061.1 
2069.0 2069.0 2069.0 2069.0 2069.0 2069.0 2069.0 2069.0 
2069.0 2069.0 2069.0 2069.0 2069.0 2069.0 2069.0 2069.0 
2066.5 2066.5 2066.5 2066.5 2066.5 2066.5 2066.5 2066.5 
2066.5 2066.5 2066.5 2066.5 2066.5 2066.5 2066.5 2066.5 
2068.8 2068.8 2068.8 2068.8 2068.8 2068.8 2068.8 2068.8 
2068.8 2068.8 2068.8 2068.8 2068.8 2068.8 2068.8 2068.8 
2068.7 2068.7 2068.7 2068.7 2068.7 2068.7 2068.7 2068.7 
2068.7 2068.7 2068.7 2068.7 2068.7 2068.7 2068.7 2068.7 
2068.3 2068.3 2068.3 2068.3 2068.3 2068.3 2068.3 2068.3 
2068.3 2068.3 2068.3 2068.3 2068.3 2068.3 2068.3 2068.3 

R.vdc.v1.tdc.offsets=
2068.5 2068.5 2068.5 2068.5 2068.5 2068.5 2068.5 2068.5 
2068.5 2068.5 2068.5 2068.5 2068.5 2068.5 2068.5 2068.5 
2064.2 2064.2 2064.2 2064.2 2064.2 2064.2 2064.2 2064.2 
2064.2 2064.2 2064.2 2064.2 2064.2 2064.2 2064.2 2064.2 
2067.5 2067.5 2067.5 2067.5 2067.5 2067.5 2067.5 2067.5 
2067.5 2067.5 2067.5 2067.5 2067.5 2067.5 2067.5 2067.5 
2066.5 2066.5 2066.5 2066.5 2066.5 2066.5 2066.5 2066.5 
2066.5 2066.5 2066.5 2066.5 2066.5 2066.5 2066.5 2066.5 
2065.7 2065.7 2065.7 2065.7 2065.7 2065.7 2065.7 2065.7 
2065.7 2065.7 2065.7 2065.7 2065.7 2065.7 2065.7 2065.7 
2063.1 2063.1 2063.1 2063.1 2063.1 2063.1 2063.1 2063.1 
2063.1 2063.1 2063.1 2063.1 2063.1 2063.1 2063.1 2063.1 
2066.6 2066.6 2066.6 2066.6 2066.6 2066.6 2066.6 2066.6 
2066.6 2066.6 2066.6 2066.6 2066.6 2066.6 2066.6 2066.6 
2067.4 2067.4 2067.4 2067.4 2067.4 2067.4 2067.4 2067.4 
2067.4 2067.4 2067.4 2067.4 2067.4 2067.4 2067.4 2067.4 
2066.4 2066.4 2066.4 2066.4 2066.4 2066.4 2066.4 2066.4 
2066.4 2066.4 2066.4 2066.4 2066.4 2066.4 2066.4 2066.4 
2066.0 2066.0 2066.0 2066.0 2066.0 2066.0 2066.0 2066.0 
2066.0 2066.0 2066.0 2066.0 2066.0 2066.0 2066.0 2066.0 
2068.3 2068.3 2068.3 2068.3 2068.3 2068.3 2068.3 2068.3 
2068.3 2068.3 2068.3 2068.3 2068.3 2068.3 2068.3 2068.3 
2068.0 2068.0 2068.0 2068.0 2068.0 2068.0 2068.0 2068.0 
2068.0 2068.0 2068.0 2068.0 2068.0 2068.0 2068.0 2068.0 
2069.7 2069.7 2069.7 2069.7 2069.7 2069.7 2069.7 2069.7 
2069.7 2069.7 2069.7 2069.7 2069.7 2069.7 2069.7 2069.7 
2068.7 2068.7 2068.7 2068.7 2068.7 2068.7 2068.7 2068.7 
2068.7 2068.7 2068.7 2068.7 2068.7 2068.7 2068.7 2068.7 
2068.0 2068.0 2068.0 2068.0 2068.0 2068.0 2068.0 2068.0 
2068.0 2068.0 2068.0 2068.0 2068.0 2068.0 2068.0 2068.0 
2068.3 2068.3 2068.3 2068.3 2068.3 2068.3 2068.3 2068.3 
2068.3 2068.3 2068.3 2068.3 2068.3 2068.3 2068.3 2068.3 
2068.6 2068.6 2068.6 2068.6 2068.6 2068.6 2068.6 2068.6 
2068.6 2068.6 2068.6 2068.6 2068.6 2068.6 2068.6 2068.6 
2066.0 2066.0 2066.0 2066.0 2066.0 2066.0 2066.0 2066.0 
2066.0 2066.0 2066.0 2066.0 2066.0 2066.0 2066.0 2066.0 
2070.2 2070.2 2070.2 2070.2 2070.2 2070.2 2070.2 2070.2 
2070.2 2070.2 2070.2 2070.2 2070.2 2070.2 2070.2 2070.2 
2067.8 2067.8 2067.8 2067.8 2067.8 2067.8 2067.8 2067.8 
2067.8 2067.8 2067.8 2067.8 2067.8 2067.8 2067.8 2067.8 
2066.6 2066.6 2066.6 2066.6 2066.6 2066.6 2066.6 2066.6 
2066.6 2066.6 2066.6 2066.6 2066.6 2066.6 2066.6 2066.6 
2067.2 2067.2 2067.2 2067.2 2067.2 2067.2 2067.2 2067.2 
2067.2 2067.2 2067.2 2067.2 2067.2 2067.2 2067.2 2067.2 
2068.5 2068.5 2068.5 2068.5 2068.5 2068.5 2068.5 2068.5 
2068.5 2068.5 2068.5 2068.5 2068.5 2068.5 2068.5 2068.5 

R.vdc.u2.tdc.offsets=
2049.4 2049.4 2049.4 2049.4 2049.4 2049.4 2049.4 2049.4 
2049.4 2049.4 2049.4 2049.4 2049.4 2049.4 2049.4 2049.4 
2051.4 2051.4 2051.4 2051.4 2051.4 2051.4 2051.4 2051.4 
2051.4 2051.4 2051.4 2051.4 2051.4 2051.4 2051.4 2051.4 
2051.3 2051.3 2051.3 2051.3 2051.3 2051.3 2051.3 2051.3 
2051.3 2051.3 2051.3 2051.3 2051.3 2051.3 2051.3 2051.3 
2050.8 2050.8 2050.8 2050.8 2050.8 2050.8 2050.8 2050.8 
2050.8 2050.8 2050.8 2050.8 2050.8 2050.8 2050.8 2050.8 
2048.8 2048.8 2048.8 2048.8 2048.8 2048.8 2048.8 2048.8 
2048.8 2048.8 2048.8 2048.8 2048.8 2048.8 2048.8 2048.8 
2050.1 2050.1 2050.1 2050.1 2050.1 2050.1 2050.1 2050.1 
2050.1 2050.1 2050.1 2050.1 2050.1 2050.1 2050.1 2050.1 
2054.8 2054.8 2054.8 2054.8 2054.8 2054.8 2054.8 2054.8 
2054.8 2054.8 2054.8 2054.8 2054.8 2054.8 2054.8 2054.8 
2055.3 2055.3 2055.3 2055.3 2055.3 2055.3 2055.3 2055.3 
2055.3 2055.3 2055.3 2055.3 2055.3 2055.3 2055.3 2055.3 
2055.0 2055.0 2055.0 2055.0 2055.0 2055.0 2055.0 2055.0 
2055.0 2055.0 2055.0 2055.0 2055.0 2055.0 2055.0 2055.0 
2055.3 2055.3 2055.3 2055.3 2055.3 2055.3 2055.3 2055.3 
2055.3 2055.3 2055.3 2055.3 2055.3 2055.3 2055.3 2055.3 
2055.1 2055.1 2055.1 2055.1 2055.1 2055.1 2055.1 2055.1 
2055.1 2055.1 2055.1 2055.1 2055.1 2055.1 2055.1 2055.1 
2055.0 2055.0 2055.0 2055.0 2055.0 2055.0 2055.0 2055.0 
2055.0 2055.0 2055.0 2055.0 2055.0 2055.0 2055.0 2055.0 
2056.0 2056.0 2056.0 2056.0 2056.0 2056.0 2056.0 2056.0 
2056.0 2056.0 2056.0 2056.0 2056.0 2056.0 2056.0 2056.0 
2055.5 2055.5 2055.5 2055.5 2055.5 2055.5 2055.5 2055.5 
2055.5 2055.5 2055.5 2055.5 2055.5 2055.5 2055.5 2055.5 
2057.0 2057.0 2057.0 2057.0 2057.0 2057.0 2057.0 2057.0 
2057.0 2057.0 2057.0 2057.0 2057.0 2057.0 2057.0 2057.0 
2055.0 2055.0 2055.0 2055.0 2055.0 2055.0 2055.0 2055.0 
2055.0 2055.0 2055.0 2055.0 2055.0 2055.0 2055.0 2055.0 
2056.9 2056.9 2056.9 2056.9 2056.9 2056.9 2056.9 2056.9 
2056.9 2056.9 2056.9 2056.9 2056.9 2056.9 2056.9 2056.9 
2057.1 2057.1 2057.1 2057.1 2057.1 2057.1 2057.1 2057.1 
2057.1 2057.1 2057.1 2057.1 2057.1 2057.1 2057.1 2057.1 
2060.4 2060.4 2060.4 2060.4 2060.4 2060.4 2060.4 2060.4 
2060.4 2060.4 2060.4 2060.4 2060.4 2060.4 2060.4 2060.4 
2060.1 2060.1 2060.1 2060.1 2060.1 2060.1 2060.1 2060.1 
2060.1 2060.1 2060.1 2060.1 2060.1 2060.1 2060.1 2060.1 
2059.6 2059.6 2059.6 2059.6 2059.6 2059.6 2059.6 2059.6 
2059.6 2059.6 2059.6 2059.6 2059.6 2059.6 2059.6 2059.6 
2059.3 2059.3 2059.3 2059.3 2059.3 2059.3 2059.3 2059.3 
2059.3 2059.3 2059.3 2059.3 2059.3 2059.3 2059.3 2059.3 
2058.0 2058.0 2058.0 2058.0 2058.0 2058.0 2058.0 2058.0 
2058.0 2058.0 2058.0 2058.0 2058.0 2058.0 2058.0 2058.0 

R.vdc.v2.tdc.offsets=
2064.3 2064.3 2064.3 2064.3 2064.3 2064.3 2064.3 2064.3 
2064.3 2064.3 2064.3 2064.3 2064.3 2064.3 2064.3 2064.3 
2062.0 2062.0 2062.0 2062.0 2062.0 2062.0 2062.0 2062.0 
2062.0 2062.0 2062.0 2062.0 2062.0 2062.0 2062.0 2062.0 
2065.5 2065.5 2065.5 2065.5 2065.5 2065.5 2065.5 2065.5 
2065.5 2065.5 2065.5 2065.5 2065.5 2065.5 2065.5 2065.5 
2061.1 2061.1 2061.1 2061.1 2061.1 2061.1 2061.1 2061.1 
2061.1 2061.1 2061.1 2061.1 2061.1 2061.1 2061.1 2061.1 
2060.3 2060.3 2060.3 2060.3 2060.3 2060.3 2060.3 2060.3 
2060.3 2060.3 2060.3 2060.3 2060.3 2060.3 2060.3 2060.3 
2060.2 2060.2 2060.2 2060.2 2060.2 2060.2 2060.2 2060.2 
2060.2 2060.2 2060.2 2060.2 2060.2 2060.2 2060.2 2060.2 
2065.0 2065.0 2065.0 2065.0 2065.0 2065.0 2065.0 2065.0 
2065.0 2065.0 2065.0 2065.0 2065.0 2065.0 2065.0 2065.0 
2060.2 2060.2 2060.2 2060.2 2060.2 2060.2 2060.2 2060.2 
2060.2 2060.2 2060.2 2060.2 2060.2 2060.2 2060.2 2060.2 
2060.6 2060.6 2060.6 2060.6 2060.6 2060.6 2060.6 2060.6 
2060.6 2060.6 2060.6 2060.6 2060.6 2060.6 2060.6 2060.6 
2062.1 2062.1 2062.1 2062.1 2062.1 2062.1 2062.1 2062.1 
2062.1 2062.1 2062.1 2062.1 2062.1 2062.1 2062.1 2062.1 
2064.9 2064.9 2064.9 2064.9 2064.9 2064.9 2064.9 2064.9 
2064.9 2064.9 2064.9 2064.9 2064.9 2064.9 2064.9 2064.9 
2061.0 2061.0 2061.0 2061.0 2061.0 2061.0 2061.0 2061.0 
2061.0 2061.0 2061.0 2061.0 2061.0 2061.0 2061.0 2061.0 
2066.2 2066.2 2066.2 2066.2 2066.2 2066.2 2066.2 2066.2 
2066.2 2066.2 2066.2 2066.2 2066.2 2066.2 2066.2 2066.2 
2065.0 2065.0 2065.0 2065.0 2065.0 2065.0 2065.0 2065.0 
2065.0 2065.0 2065.0 2065.0 2065.0 2065.0 2065.0 2065.0 
2067.0 2067.0 2067.0 2067.0 2067.0 2067.0 2067.0 2067.0 
2067.0 2067.0 2067.0 2067.0 2067.0 2067.0 2067.0 2067.0 
2062.2 2062.2 2062.2 2062.2 2062.2 2062.2 2062.2 2062.2 
2062.2 2062.2 2062.2 2062.2 2062.2 2062.2 2062.2 2062.2 
2065.0 2065.0 2065.0 2065.0 2065.0 2065.0 2065.0 2065.0 
2065.0 2065.0 2065.0 2065.0 2065.0 2065.0 2065.0 2065.0 
2061.4 2061.4 2061.4 2061.4 2061.4 2061.4 2061.4 2061.4 
2061.4 2061.4 2061.4 2061.4 2061.4 2061.4 2061.4 2061.4 
2069.5 2069.5 2069.5 2069.5 2069.5 2069.5 2069.5 2069.5 
2069.5 2069.5 2069.5 2069.5 2069.5 2069.5 2069.5 2069.5 
2068.5 2068.5 2068.5 2068.5 2068.5 2068.5 2068.5 2068.5 
2068.5 2068.5 2068.5 2068.5 2068.5 2068.5 2068.5 2068.5 
2066.9 2066.9 2066.9 2066.9 2066.9 2066.9 2066.9 2066.9 
2066.9 2066.9 2066.9 2066.9 2066.9 2066.9 2066.9 2066.9 
2066.4 2066.4 2066.4 2066.4 2066.4 2066.4 2066.4 2066.4 
2066.4 2066.4 2066.4 2066.4 2066.4 2066.4 2066.4 2066.4 
2067.5 2067.5 2067.5 2067.5 2067.5 2067.5 2067.5 2067.5 
2067.5 2067.5 2067.5 2067.5 2067.5 2067.5 2067.5 2067.5 

--------[ 2019-01-01 00:00:00 -0500 ]
#rough by-eye calibration before APEX run
R.vdc.tdc.min = 1800
R.vdc.tdc.max = 3200
R.vdc.u1.tdc.offsets=
2671.7 2671.7 2671.7 2671.7 2671.7 2671.7 2671.7 2671.7 
2671.7 2671.7 2671.7 2671.7 2671.7 2671.7 2671.7 2671.7 
2669.0 2669.0 2669.0 2669.0 2669.0 2669.0 2669.0 2669.0 
2669.0 2669.0 2669.0 2669.0 2669.0 2669.0 2669.0 2669.0 
2668.6 2668.6 2668.6 2668.6 2668.6 2668.6 2668.6 2668.6 
2668.6 2668.6 2668.6 2668.6 2668.6 2668.6 2668.6 2668.6 
2669.7 2669.7 2669.7 2669.7 2669.7 2669.7 2669.7 2669.7 
2669.7 2669.7 2669.7 2669.7 2669.7 2669.7 2669.7 2669.7 
2670.2 2670.2 2670.2 2670.2 2670.2 2670.2 2670.2 2670.2 
2670.2 2670.2 2670.2 2670.2 2670.2 2670.2 2670.2 2670.2 
2665.4 2665.4 2665.4 2665.4 2665.4 2665.4 2665.4 2665.4 
2665.4 2665.4 2665.4 2665.4 2665.4 2665.4 2665.4 2665.4 
2669.8 2669.8 2669.8 2669.8 2669.8 2669.8 2669.8 2669.8 
2669.8 2669.8 2669.8 2669.8 2669.8 2669.8 2669.8 2669.8 
2671.3 2671.3 2671.3 2671.3 2671.3 2671.3 2671.3 2671.3 
2671.3 2671.3 2671.3 2671.3 2671.3 2671.3 2671.3 2671.3 
2673.9 2673.9 2673.9 2673.9 2673.9 2673.9 2673.9 2673.9 
2673.9 2673.9 2673.9 2673.9 2673.9 2673.9 2673.9 2673.9 
2672.5 2672.5 2672.5 2672.5 2672.5 2672.5 2672.5 2672.5 
2672.5 2672.5 2672.5 2672.5 2672.5 2672.5 2672.5 2672.5 
2674.7 2674.7 2674.7 2674.7 2674.7 2674.7 2674.7 2674.7 
2674.7 2674.7 2674.7 2674.7 2674.7 2674.7 2674.7 2674.7 
2673.9 2673.9 2673.9 2673.9 2673.9 2673.9 2673.9 2673.9 
2673.9 2673.9 2673.9 2673.9 2673.9 2673.9 2673.9 2673.9 
2675.7 2675.7 2675.7 2675.7 2675.7 2675.7 2675.7 2675.7 
2675.7 2675.7 2675.7 2675.7 2675.7 2675.7 2675.7 2675.7 
2674.2 2674.2 2674.2 2674.2 2674.2 2674.2 2674.2 2674.2 
2674.2 2674.2 2674.2 2674.2 2674.2 2674.2 2674.2 2674.2 
2674.4 2674.4 2674.4 2674.4 2674.4 2674.4 2674.4 2674.4 
2674.4 2674.4 2674.4 2674.4 2674.4 2674.4 2674.4 2674.4 
2675.6 2675.6 2675.6 2675.6 2675.6 2675.6 2675.6 2675.6 
2675.6 2675.6 2675.6 2675.6 2675.6 2675.6 2675.6 2675.6 
2677.2 2677.2 2677.2 2677.2 2677.2 2677.2 2677.2 2677.2 
2677.2 2677.2 2677.2 2677.2 2677.2 2677.2 2677.2 2677.2 
2674.5 2674.5 2674.5 2674.5 2674.5 2674.5 2674.5 2674.5 
2674.5 2674.5 2674.5 2674.5 2674.5 2674.5 2674.5 2674.5 
2680.4 2680.4 2680.4 2680.4 2680.4 2680.4 2680.4 2680.4 
2680.4 2680.4 2680.4 2680.4 2680.4 2680.4 2680.4 2680.4 
2678.7 2678.7 2678.7 2678.7 2678.7 2678.7 2678.7 2678.7 
2678.7 2678.7 2678.7 2678.7 2678.7 2678.7 2678.7 2678.7 
2678.9 2678.9 2678.9 2678.9 2678.9 2678.9 2678.9 2678.9 
2678.9 2678.9 2678.9 2678.9 2678.9 2678.9 2678.9 2678.9 
2680.3 2680.3 2680.3 2680.3 2680.3 2680.3 2680.3 2680.3 
2680.3 2680.3 2680.3 2680.3 2680.3 2680.3 2680.3 2680.3 
2682.0 2682.0 2682.0 2682.0 2682.0 2682.0 2682.0 2682.0 
2682.0 2682.0 2682.0 2682.0 2682.0 2682.0 2682.0 2682.0 

R.vdc.v1.tdc.offsets=
2678.6 2678.6 2678.6 2678.6 2678.6 2678.6 2678.6 2678.6 
2678.6 2678.6 2678.6 2678.6 2678.6 2678.6 2678.6 2678.6 
2675.0 2675.0 2675.0 2675.0 2675.0 2675.0 2675.0 2675.0 
2675.0 2675.0 2675.0 2675.0 2675.0 2675.0 2675.0 2675.0 
2676.7 2676.7 2676.7 2676.7 2676.7 2676.7 2676.7 2676.7 
2676.7 2676.7 2676.7 2676.7 2676.7 2676.7 2676.7 2676.7 
2675.6 2675.6 2675.6 2675.6 2675.6 2675.6 2675.6 2675.6 
2675.6 2675.6 2675.6 2675.6 2675.6 2675.6 2675.6 2675.6 
2674.9 2674.9 2674.9 2674.9 2674.9 2674.9 2674.9 2674.9 
2674.9 2674.9 2674.9 2674.9 2674.9 2674.9 2674.9 2674.9 
2673.5 2673.5 2673.5 2673.5 2673.5 2673.5 2673.5 2673.5 
2673.5 2673.5 2673.5 2673.5 2673.5 2673.5 2673.5 2673.5 
2675.1 2675.1 2675.1 2675.1 2675.1 2675.1 2675.1 2675.1 
2675.1 2675.1 2675.1 2675.1 2675.1 2675.1 2675.1 2675.1 
2675.2 2675.2 2675.2 2675.2 2675.2 2675.2 2675.2 2675.2 
2675.2 2675.2 2675.2 2675.2 2675.2 2675.2 2675.2 2675.2 
2676.0 2676.0 2676.0 2676.0 2676.0 2676.0 2676.0 2676.0 
2676.0 2676.0 2676.0 2676.0 2676.0 2676.0 2676.0 2676.0 
2674.4 2674.4 2674.4 2674.4 2674.4 2674.4 2674.4 2674.4 
2674.4 2674.4 2674.4 2674.4 2674.4 2674.4 2674.4 2674.4 
2677.5 2677.5 2677.5 2677.5 2677.5 2677.5 2677.5 2677.5 
2677.5 2677.5 2677.5 2677.5 2677.5 2677.5 2677.5 2677.5 
2677.4 2677.4 2677.4 2677.4 2677.4 2677.4 2677.4 2677.4 
2677.4 2677.4 2677.4 2677.4 2677.4 2677.4 2677.4 2677.4 
2679.4 2679.4 2679.4 2679.4 2679.4 2679.4 2679.4 2679.4 
2679.4 2679.4 2679.4 2679.4 2679.4 2679.4 2679.4 2679.4 
2678.2 2678.2 2678.2 2678.2 2678.2 2678.2 2678.2 2678.2 
2678.2 2678.2 2678.2 2678.2 2678.2 2678.2 2678.2 2678.2 
2676.7 2676.7 2676.7 2676.7 2676.7 2676.7 2676.7 2676.7 
2676.7 2676.7 2676.7 2676.7 2676.7 2676.7 2676.7 2676.7 
2677.6 2677.6 2677.6 2677.6 2677.6 2677.6 2677.6 2677.6 
2677.6 2677.6 2677.6 2677.6 2677.6 2677.6 2677.6 2677.6 
2677.9 2677.9 2677.9 2677.9 2677.9 2677.9 2677.9 2677.9 
2677.9 2677.9 2677.9 2677.9 2677.9 2677.9 2677.9 2677.9 
2676.7 2676.7 2676.7 2676.7 2676.7 2676.7 2676.7 2676.7 
2676.7 2676.7 2676.7 2676.7 2676.7 2676.7 2676.7 2676.7 
2681.0 2681.0 2681.0 2681.0 2681.0 2681.0 2681.0 2681.0 
2681.0 2681.0 2681.0 2681.0 2681.0 2681.0 2681.0 2681.0 
2678.9 2678.9 2678.9 2678.9 2678.9 2678.9 2678.9 2678.9 
2678.9 2678.9 2678.9 2678.9 2678.9 2678.9 2678.9 2678.9 
2679.5 2679.5 2679.5 2679.5 2679.5 2679.5 2679.5 2679.5 
2679.5 2679.5 2679.5 2679.5 2679.5 2679.5 2679.5 2679.5 
2679.4 2679.4 2679.4 2679.4 2679.4 2679.4 2679.4 2679.4 
2679.4 2679.4 2679.4 2679.4 2679.4 2679.4 2679.4 2679.4 
2684.4 2684.4 2684.4 2684.4 2684.4 2684.4 2684.4 2684.4 
2684.4 2684.4 2684.4 2684.4 2684.4 2684.4 2684.4 2684.4 

R.vdc.u2.tdc.offsets=
2665.7 2665.7 2665.7 2665.7 2665.7 2665.7 2665.7 2665.7 
2665.7 2665.7 2665.7 2665.7 2665.7 2665.7 2665.7 2665.7 
2662.1 2662.1 2662.1 2662.1 2662.1 2662.1 2662.1 2662.1 
2662.1 2662.1 2662.1 2662.1 2662.1 2662.1 2662.1 2662.1 
2662.2 2662.2 2662.2 2662.2 2662.2 2662.2 2662.2 2662.2 
2662.2 2662.2 2662.2 2662.2 2662.2 2662.2 2662.2 2662.2 
2659.6 2659.6 2659.6 2659.6 2659.6 2659.6 2659.6 2659.6 
2659.6 2659.6 2659.6 2659.6 2659.6 2659.6 2659.6 2659.6 
2659.1 2659.1 2659.1 2659.1 2659.1 2659.1 2659.1 2659.1 
2659.1 2659.1 2659.1 2659.1 2659.1 2659.1 2659.1 2659.1 
2659.0 2659.0 2659.0 2659.0 2659.0 2659.0 2659.0 2659.0 
2659.0 2659.0 2659.0 2659.0 2659.0 2659.0 2659.0 2659.0 
2664.8 2664.8 2664.8 2664.8 2664.8 2664.8 2664.8 2664.8 
2664.8 2664.8 2664.8 2664.8 2664.8 2664.8 2664.8 2664.8 
2664.4 2664.4 2664.4 2664.4 2664.4 2664.4 2664.4 2664.4 
2664.4 2664.4 2664.4 2664.4 2664.4 2664.4 2664.4 2664.4 
2665.2 2665.2 2665.2 2665.2 2665.2 2665.2 2665.2 2665.2 
2665.2 2665.2 2665.2 2665.2 2665.2 2665.2 2665.2 2665.2 
2665.1 2665.1 2665.1 2665.1 2665.1 2665.1 2665.1 2665.1 
2665.1 2665.1 2665.1 2665.1 2665.1 2665.1 2665.1 2665.1 
2666.4 2666.4 2666.4 2666.4 2666.4 2666.4 2666.4 2666.4 
2666.4 2666.4 2666.4 2666.4 2666.4 2666.4 2666.4 2666.4 
2666.0 2666.0 2666.0 2666.0 2666.0 2666.0 2666.0 2666.0 
2666.0 2666.0 2666.0 2666.0 2666.0 2666.0 2666.0 2666.0 
2665.6 2665.6 2665.6 2665.6 2665.6 2665.6 2665.6 2665.6 
2665.6 2665.6 2665.6 2665.6 2665.6 2665.6 2665.6 2665.6 
2665.5 2665.5 2665.5 2665.5 2665.5 2665.5 2665.5 2665.5 
2665.5 2665.5 2665.5 2665.5 2665.5 2665.5 2665.5 2665.5 
2666.5 2666.5 2666.5 2666.5 2666.5 2666.5 2666.5 2666.5 
2666.5 2666.5 2666.5 2666.5 2666.5 2666.5 2666.5 2666.5 
2665.0 2665.0 2665.0 2665.0 2665.0 2665.0 2665.0 2665.0 
2665.0 2665.0 2665.0 2665.0 2665.0 2665.0 2665.0 2665.0 
2669.5 2669.5 2669.5 2669.5 2669.5 2669.5 2669.5 2669.5 
2669.5 2669.5 2669.5 2669.5 2669.5 2669.5 2669.5 2669.5 
2667.4 2667.4 2667.4 2667.4 2667.4 2667.4 2667.4 2667.4 
2667.4 2667.4 2667.4 2667.4 2667.4 2667.4 2667.4 2667.4 
2672.8 2672.8 2672.8 2672.8 2672.8 2672.8 2672.8 2672.8 
2672.8 2672.8 2672.8 2672.8 2672.8 2672.8 2672.8 2672.8 
2673.4 2673.4 2673.4 2673.4 2673.4 2673.4 2673.4 2673.4 
2673.4 2673.4 2673.4 2673.4 2673.4 2673.4 2673.4 2673.4 
2672.3 2672.3 2672.3 2672.3 2672.3 2672.3 2672.3 2672.3 
2672.3 2672.3 2672.3 2672.3 2672.3 2672.3 2672.3 2672.3 
2671.1 2671.1 2671.1 2671.1 2671.1 2671.1 2671.1 2671.1 
2671.1 2671.1 2671.1 2671.1 2671.1 2671.1 2671.1 2671.1 
2673.0 2673.0 2673.0 2673.0 2673.0 2673.0 2673.0 2673.0 
2673.0 2673.0 2673.0 2673.0 2673.0 2673.0 2673.0 2673.0 

R.vdc.v2.tdc.offsets=
2677.1 2677.1 2677.1 2677.1 2677.1 2677.1 2677.1 2677.1 
2677.1 2677.1 2677.1 2677.1 2677.1 2677.1 2677.1 2677.1 
2673.5 2673.5 2673.5 2673.5 2673.5 2673.5 2673.5 2673.5 
2673.5 2673.5 2673.5 2673.5 2673.5 2673.5 2673.5 2673.5 
2673.6 2673.6 2673.6 2673.6 2673.6 2673.6 2673.6 2673.6 
2673.6 2673.6 2673.6 2673.6 2673.6 2673.6 2673.6 2673.6 
2672.3 2672.3 2672.3 2672.3 2672.3 2672.3 2672.3 2672.3 
2672.3 2672.3 2672.3 2672.3 2672.3 2672.3 2672.3 2672.3 
2672.6 2672.6 2672.6 2672.6 2672.6 2672.6 2672.6 2672.6 
2672.6 2672.6 2672.6 2672.6 2672.6 2672.6 2672.6 2672.6 
2670.2 2670.2 2670.2 2670.2 2670.2 2670.2 2670.2 2670.2 
2670.2 2670.2 2670.2 2670.2 2670.2 2670.2 2670.2 2670.2 
2673.4 2673.4 2673.4 2673.4 2673.4 2673.4 2673.4 2673.4 
2673.4 2673.4 2673.4 2673.4 2673.4 2673.4 2673.4 2673.4 
2669.7 2669.7 2669.7 2669.7 2669.7 2669.7 2669.7 2669.7 
2669.7 2669.7 2669.7 2669.7 2669.7 2669.7 2669.7 2669.7 
2670.4 2670.4 2670.4 2670.4 2670.4 2670.4 2670.4 2670.4 
2670.4 2670.4 2670.4 2670.4 2670.4 2670.4 2670.4 2670.4 
2672.5 2672.5 2672.5 2672.5 2672.5 2672.5 2672.5 2672.5 
2672.5 2672.5 2672.5 2672.5 2672.5 2672.5 2672.5 2672.5 
2672.6 2672.6 2672.6 2672.6 2672.6 2672.6 2672.6 2672.6 
2672.6 2672.6 2672.6 2672.6 2672.6 2672.6 2672.6 2672.6 
2672.1 2672.1 2672.1 2672.1 2672.1 2672.1 2672.1 2672.1 
2672.1 2672.1 2672.1 2672.1 2672.1 2672.1 2672.1 2672.1 
2674.9 2674.9 2674.9 2674.9 2674.9 2674.9 2674.9 2674.9 
2674.9 2674.9 2674.9 2674.9 2674.9 2674.9 2674.9 2674.9 
2673.6 2673.6 2673.6 2673.6 2673.6 2673.6 2673.6 2673.6 
2673.6 2673.6 2673.6 2673.6 2673.6 2673.6 2673.6 2673.6 
2676.0 2676.0 2676.0 2676.0 2676.0 2676.0 2676.0 2676.0 
2676.0 2676.0 2676.0 2676.0 2676.0 2676.0 2676.0 2676.0 
2672.7 2672.7 2672.7 2672.7 2672.7 2672.7 2672.7 2672.7 
2672.7 2672.7 2672.7 2672.7 2672.7 2672.7 2672.7 2672.7 
2676.3 2676.3 2676.3 2676.3 2676.3 2676.3 2676.3 2676.3 
2676.3 2676.3 2676.3 2676.3 2676.3 2676.3 2676.3 2676.3 
2673.0 2673.0 2673.0 2673.0 2673.0 2673.0 2673.0 2673.0 
2673.0 2673.0 2673.0 2673.0 2673.0 2673.0 2673.0 2673.0 
2681.3 2681.3 2681.3 2681.3 2681.3 2681.3 2681.3 2681.3 
2681.3 2681.3 2681.3 2681.3 2681.3 2681.3 2681.3 2681.3 
2679.7 2679.7 2679.7 2679.7 2679.7 2679.7 2679.7 2679.7 
2679.7 2679.7 2679.7 2679.7 2679.7 2679.7 2679.7 2679.7 
2678.9 2678.9 2678.9 2678.9 2678.9 2678.9 2678.9 2678.9 
2678.9 2678.9 2678.9 2678.9 2678.9 2678.9 2678.9 2678.9 
2675.0 2675.0 2675.0 2675.0 2675.0 2675.0 2675.0 2675.0 
2675.0 2675.0 2675.0 2675.0 2675.0 2675.0 2675.0 2675.0 
2680.8 2680.8 2680.8 2680.8 2680.8 2680.8 2680.8 2680.8 
2680.8 2680.8 2680.8 2680.8 2680.8 2680.8 2680.8 2680.8 


--------[ 2019-01-01 00:00:00 -0500 ]

R.vdc.u1.driftvel =
50009.7

R.vdc.u2.driftvel =
50009.6

R.vdc.v1.driftvel =
50009.7

R.vdc.v2.driftvel =
50009.7

R.vdc.u1.ttd.param =
-0.00445274 0.0105963 -0.00516377 0.000996986 
-0.0056222 0.00931398 -0.00446549 0.000847237 
 4.00e-09

R.vdc.u2.ttd.param =
-0.00343586 0.00756929 -0.00311345 0.00053543 
-0.00298585 0.0054909 -0.00288388 0.000743253 
 4.00e-09

R.vdc.v1.ttd.param =
-0.00448608 0.0106506 -0.00518805 0.000999314 
0.00125154 -0.00418671 0.0041771 -0.000939088 
 4.00e-09

R.vdc.v2.ttd.param =
0.00866853 -0.00852048 0.00459287 -0.000999224 
-0.00473477 0.00787966 -0.00390715 0.000859375 
 4.00e-09

--------[ 2019-01-01 00:00:00 -0500 ]
R.vdc.matrixelem =
[R.global]
t 0 0 0  -1.003100e+00 -3.500200e-01 -4.878100e-02  0.000000e+00  0.000000e+00  0.000000e+00  0.000000e+00  0
y 0 0 0  -6.725700e-03 -1.141500e-02 -3.353800e-03  0.000000e+00  0.000000e+00  0.000000e+00  0.000000e+00  0
p 0 0 0  -2.492000e-03 -2.014700e-02 -1.291400e-02  0.000000e+00  0.000000e+00  0.000000e+00  0.000000e+00  0
D 0 0 0   2.156000e-03  7.628000e-02  1.032800e-02  1.029100e-03 -3.844200e-03  0.000000e+00  0.000000e+00  0
D 0 0 1  -6.962300e-04  1.697200e-02 -6.017900e-02  0.000000e+00  0.000000e+00  0.000000e+00  0.000000e+00  0
D 0 0 2   1.061300e+00 -9.148900e-01  0.000000e+00  0.000000e+00  0.000000e+00  0.000000e+00  0.000000e+00  0
D 0 0 3  -6.392100e+00  0.000000e+00  0.000000e+00  0.000000e+00  0.000000e+00  0.000000e+00  0.000000e+00  0
D 0 1 0  -8.788700e-03 -5.888200e-03  1.931300e-02  0.000000e+00  0.000000e+00  0.000000e+00  0.000000e+00  0
D 0 1 1  -1.149200e+00 -1.379000e+00  5.069400e-01  0.000000e+00  0.000000e+00  0.000000e+00  0.000000e+00  0
D 0 1 2  -8.496800e+00  0.000000e+00  0.000000e+00  0.000000e+00  0.000000e+00  0.000000e+00  0.000000e+00  0
D 0 2 0   6.500800e-01  9.403000e-01  0.000000e+00  0.000000e+00  0.000000e+00  0.000000e+00  0.000000e+00  0
D 0 2 1   2.169900e+01  0.000000e+00  0.000000e+00  0.000000e+00  0.000000e+00  0.000000e+00  0.000000e+00  0
D 0 3 0  -7.716600e+00  0.000000e+00  0.000000e+00  0.000000e+00  0.000000e+00  0.000000e+00  0.000000e+00  0
D 0 4 0   4.256300e+01  0.000000e+00  0.000000e+00  0.000000e+00  0.000000e+00  0.000000e+00  0.000000e+00  0
D 0 5 0   2.563600e+03  0.000000e+00  0.000000e+00  0.000000e+00  0.000000e+00  0.000000e+00  0.000000e+00  0
D 1 0 0  -5.596500e-03  2.561900e-01  1.442300e-02 -7.105100e-02  0.000000e+00  0.000000e+00  0.000000e+00  0
D 1 0 1  -1.012900e+00  1.691700e+00 -3.055700e+00  0.000000e+00  0.000000e+00  0.000000e+00  0.000000e+00  0
D 1 0 2   4.753400e+01  2.813400e+01  0.000000e+00  0.000000e+00  0.000000e+00  0.000000e+00  0.000000e+00  0
D 1 1 0   9.302100e-01 -9.245400e-03  3.251000e+00  0.000000e+00  0.000000e+00  0.000000e+00  0.000000e+00  0
D 1 1 1  -1.147000e+01 -1.083200e+02  0.000000e+00  0.000000e+00  0.000000e+00  0.000000e+00  0.000000e+00  0
D 1 2 0  -3.167800e+01  5.529000e+01  0.000000e+00  0.000000e+00  0.000000e+00  0.000000e+00  0.000000e+00  0
D 1 3 0   5.468200e+02  0.000000e+00  0.000000e+00  0.000000e+00  0.000000e+00  0.000000e+00  0.000000e+00  0
D 1 4 0  -1.233200e+04  0.000000e+00  0.000000e+00  0.000000e+00  0.000000e+00  0.000000e+00  0.000000e+00  0
D 2 0 0  -2.172900e+00  1.879200e+00  1.469400e-01  0.000000e+00  0.000000e+00  0.000000e+00  0.000000e+00  0
D 2 0 1   6.298300e+00  5.307400e+01  0.000000e+00  0.000000e+00  0.000000e+00  0.000000e+00  0.000000e+00  0
D 2 1 0   5.414100e+01 -7.153600e+01  0.000000e+00  0.000000e+00  0.000000e+00  0.000000e+00  0.000000e+00  0
D 2 2 0  -1.426500e+03  0.000000e+00  0.000000e+00  0.000000e+00  0.000000e+00  0.000000e+00  0.000000e+00  0
D 2 3 0  -1.868600e+04  0.000000e+00  0.000000e+00  0.000000e+00  0.000000e+00  0.000000e+00  0.000000e+00  0
D 3 0 0   4.364000e+01  1.433800e+01  0.000000e+00  0.000000e+00  0.000000e+00  0.000000e+00  0.000000e+00  0
D 3 1 0  -2.972400e+03  0.000000e+00  0.000000e+00  0.000000e+00  0.000000e+00  0.000000e+00  0.000000e+00  0
D 3 2 0   9.107700e+04  0.000000e+00  0.000000e+00  0.000000e+00  0.000000e+00  0.000000e+00  0.000000e+00  0
D 4 0 0   3.021500e+03  0.000000e+00  0.000000e+00  0.000000e+00  0.000000e+00  0.000000e+00  0.000000e+00  0
D 4 1 0  -1.154500e+03  0.000000e+00  0.000000e+00  0.000000e+00  0.000000e+00  0.000000e+00  0.000000e+00  0
D 5 0 0  -9.496600e+03  0.000000e+00  0.000000e+00  0.000000e+00  0.000000e+00  0.000000e+00  0.000000e+00  0
T 0 0 0  -1.429253e-04 -3.948152e-03  2.558497e-03  3.870554e-02  0.000000e+00  0.000000e+00  0.000000e+00  4
T 1 0 0  -1.796587e+00  4.114150e-01 -3.002246e-01  0.000000e+00  0.000000e+00  0.000000e+00  0.000000e+00  3
T 2 0 0  -4.086007e+00  1.124369e+01  0.000000e+00  0.000000e+00  0.000000e+00  0.000000e+00  0.000000e+00  2
T 3 0 0   2.773643e+02  0.000000e+00  0.000000e+00  0.000000e+00  0.000000e+00  0.000000e+00  0.000000e+00  1
T 0 0 2   3.884643e-01  4.229444e+00  0.000000e+00  0.000000e+00  0.000000e+00  0.000000e+00  0.000000e+00  2
T 0 2 0   2.968383e-01 -1.328951e+00  0.000000e+00  0.000000e+00  0.000000e+00  0.000000e+00  0.000000e+00  2
T 1 2 0  -2.209524e+02  0.000000e+00  0.000000e+00  0.000000e+00  0.000000e+00  0.000000e+00  0.000000e+00  1
T 1 0 2  -1.957223e+02  0.000000e+00  0.000000e+00  0.000000e+00  0.000000e+00  0.000000e+00  0.000000e+00  1
T 0 1 0  -1.393068e-02 -3.582564e-02  3.069182e-01  0.000000e+00  0.000000e+00  0.000000e+00  0.000000e+00  3
T 0 0 1   3.002042e-02 -1.357496e-02 -1.650673e-02  0.000000e+00  0.000000e+00  0.000000e+00  0.000000e+00  3
T 1 1 0   1.601025e+01 -1.233684e+01  0.000000e+00  0.000000e+00  0.000000e+00  0.000000e+00  0.000000e+00  2
T 1 0 1  -1.425092e+00  5.079167e+00  0.000000e+00  0.000000e+00  0.000000e+00  0.000000e+00  0.000000e+00  2
T 0 1 1  -7.926556e-01 -2.361487e+00  0.000000e+00  0.000000e+00  0.000000e+00  0.000000e+00  0.000000e+00  2
T 2 1 0   2.829184e+02  0.000000e+00  0.000000e+00  0.000000e+00  0.000000e+00  0.000000e+00  0.000000e+00  1
T 2 0 1  -9.205363e+01  0.000000e+00  0.000000e+00  0.000000e+00  0.000000e+00  0.000000e+00  0.000000e+00  1
T 1 1 1  -2.933656e+01  0.000000e+00  0.000000e+00  0.000000e+00  0.000000e+00  0.000000e+00  0.000000e+00  1
P 0 0 0   4.034072e-03  5.419242e-04  5.160867e-03 -6.079541e-02  0.000000e+00  0.000000e+00  0.000000e+00  4
P 0 0 1  -3.003415e-01 -6.126847e-01  5.990674e-01  0.000000e+00  0.000000e+00  0.000000e+00  0.000000e+00  3
P 1 0 0   1.692170e-02 -5.648774e-02  2.532758e-02  0.000000e+00  0.000000e+00  0.000000e+00  0.000000e+00  3
P 0 1 0  -5.962970e-01  4.683911e-01  2.539659e-01  0.000000e+00  0.000000e+00  0.000000e+00  0.000000e+00  3
P 0 2 0  -2.063461e+00  7.666848e-01  0.000000e+00  0.000000e+00  0.000000e+00  0.000000e+00  0.000000e+00  2
P 0 0 2  -1.086301e+01  5.176995e+00  0.000000e+00  0.000000e+00  0.000000e+00  0.000000e+00  0.000000e+00  2
P 2 0 0   1.407065e+01 -1.703779e+01  0.000000e+00  0.000000e+00  0.000000e+00  0.000000e+00  0.000000e+00  2
P 0 1 1   6.689472e+00 -1.895086e+00  0.000000e+00  0.000000e+00  0.000000e+00  0.000000e+00  0.000000e+00  2
P 0 1 2  -2.879527e+02  0.000000e+00  0.000000e+00  0.000000e+00  0.000000e+00  0.000000e+00  0.000000e+00  1
P 0 2 1   1.664495e+02  0.000000e+00  0.000000e+00  0.000000e+00  0.000000e+00  0.000000e+00  0.000000e+00  1
P 1 1 0   1.205447e+00 -4.778407e+00  0.000000e+00  0.000000e+00  0.000000e+00  0.000000e+00  0.000000e+00  2
P 1 0 1   4.415122e+00 -1.082136e+01  0.000000e+00  0.000000e+00  0.000000e+00  0.000000e+00  0.000000e+00  2
P 0 0 3   4.206527e+02  0.000000e+00  0.000000e+00  0.000000e+00  0.000000e+00  0.000000e+00  0.000000e+00  1
P 2 0 1   1.013459e+01  0.000000e+00  0.000000e+00  0.000000e+00  0.000000e+00  0.000000e+00  0.000000e+00  1
P 2 1 0  -6.220157e+02  0.000000e+00  0.000000e+00  0.000000e+00  0.000000e+00  0.000000e+00  0.000000e+00  1
P 0 3 0  -4.442591e+01  0.000000e+00  0.000000e+00  0.000000e+00  0.000000e+00  0.000000e+00  0.000000e+00  1
P 1 1 1  -5.722428e+01  0.000000e+00  0.000000e+00  0.000000e+00  0.000000e+00  0.000000e+00  0.000000e+00  1
Y 0 0 0  -8.139856e-03  8.283990e-03 -7.403914e-04 -1.011405e-01  0.000000e+00  0.000000e+00  0.000000e+00  4
Y 0 0 1   1.422595e+00  6.945756e-01 -1.294820e+00  0.000000e+00  0.000000e+00  0.000000e+00  0.000000e+00  3
Y 0 0 2   2.848291e+01 -4.459741e+01  0.000000e+00  0.000000e+00  0.000000e+00  0.000000e+00  0.000000e+00  2
Y 0 0 3  -1.570052e+03  0.000000e+00  0.000000e+00  0.000000e+00  0.000000e+00  0.000000e+00  0.000000e+00  1
Y 0 1 0  -4.621356e-01 -1.188752e+00 -2.969809e-01  0.000000e+00  0.000000e+00  0.000000e+00  0.000000e+00  3
Y 0 1 1  -1.385604e+01  3.064925e+01  0.000000e+00  0.000000e+00  0.000000e+00  0.000000e+00  0.000000e+00  2
Y 0 1 2   1.304330e+03  0.000000e+00  0.000000e+00  0.000000e+00  0.000000e+00  0.000000e+00  0.000000e+00  1
Y 0 2 0   3.872015e+00 -1.001966e+01  0.000000e+00  0.000000e+00  0.000000e+00  0.000000e+00  0.000000e+00  2
Y 0 2 1  -5.891724e+02  0.000000e+00  0.000000e+00  0.000000e+00  0.000000e+00  0.000000e+00  0.000000e+00  1
Y 0 3 0   1.703138e+02  0.000000e+00  0.000000e+00  0.000000e+00  0.000000e+00  0.000000e+00  0.000000e+00  1
Y 1 0 0   2.935454e-02  1.238863e-01 -2.249384e-01  0.000000e+00  0.000000e+00  0.000000e+00  0.000000e+00  3
Y 1 0 1   1.753507e+01 -1.031134e+01  0.000000e+00  0.000000e+00  0.000000e+00  0.000000e+00  0.000000e+00  2
Y 1 0 2  -1.013534e+03  0.000000e+00  0.000000e+00  0.000000e+00  0.000000e+00  0.000000e+00  0.000000e+00  1
Y 1 1 0  -1.795103e+01  1.704446e+01  0.000000e+00  0.000000e+00  0.000000e+00  0.000000e+00  0.000000e+00  2
Y 1 1 1   7.399297e+02  0.000000e+00  0.000000e+00  0.000000e+00  0.000000e+00  0.000000e+00  0.000000e+00  1
Y 1 2 0  -7.195722e+01 -3.049795e+02  0.000000e+00  0.000000e+00  0.000000e+00  0.000000e+00  0.000000e+00  2
Y 2 0 0  -2.255812e+01  8.942526e+00  0.000000e+00  0.000000e+00  0.000000e+00  0.000000e+00  0.000000e+00  2
Y 2 0 1   3.301061e+02  0.000000e+00  0.000000e+00  0.000000e+00  0.000000e+00  0.000000e+00  0.000000e+00  1
Y 2 1 0   9.176502e+02  0.000000e+00  0.000000e+00  0.000000e+00  0.000000e+00  0.000000e+00  0.000000e+00  1
Y 3 0 0   2.362737e+01  0.000000e+00  0.000000e+00  0.000000e+00  0.000000e+00  0.000000e+00  0.000000e+00  1
R 0 0 0 0  25.713
R 1 0 0 0  0.1650
R 2 0 0 0 -0.05
R 0 1 0 0 -11.6554
R 0 2 0 0 -9.4951
R 0 0 1 0  0.0
R 0 0 2 0  0.0
R 0 0 0 1  0.0
R 0 0 0 2  0.0
XF 1 0 0 0 0 -2.181E+00
XF 0 1 0 0 0 -1.980E-01
XF 0 0 0 0 1  1.191E+01
TF 1 0 0 0 0 -1.000E-01
TF 0 1 0 0 0 -4.690E-01
TF 0 0 0 0 1  1.967E+00
PF 0 0 1 0 0  3.630E-01
PF 0 0 0 1 0 -0.902E+00
YF 0 0 1 0 0 -5.950E-01
YF 0 0 0 1 0 -1.274E+00
