--------[ 2017-03-01 00:00:00 -0500 ]

R.s2.detmap =
      20   14     0    15     1  250
      20   13     0    15    17  250
      2    11    16    31     1  1877
      2    11     0    15    17  1877
R.s2.npaddles = 16
R.s2.position = -0.166  0  3.3098
R.s2.size = 2.236  0.432  0.05
R.s2.L.off =  1393.1 1527.83  1530.08  1529.16  1531.46  1528.09  1533.27  1530.13  1528.27  1524.57  1528.16  1528.05  1529.2  1526.47  1525.25  1390.5
R.s2.R.off = 1390.9 1530.88  1532.87  1531.96  1532.17  1531.76  1530.96  1530.9  1532.62  1530.46  1531.27  1529.89  1526.86  1527.51  1528.87  1387.6
R.s2.L.ped = 3626.77  4189.24  1667.68  4648.17  5371.44  2994.65  3501.7  2840.26  3584.3  5432.38  3555.35  3127.31  4040  2572.93  3714.72  3164.89
R.s2.R.ped = 4408.2  4570.08  3294.04  2921.73  3664.23  4429.59  3947.7  3459.44  2789.41  5041.11  2960.85  3474.63  2792.31  5404.68  4518.4  2669.71
R.s2.L.gain = 0.96  0.98  1.05  1.52  0.94  1.03  0.99  1.03  1.15  1.05  0.99  1.05  0.94  0.98  1.01  1.06
R.s2.R.gain = 0.95  0.99  1.12  1.01  1.31  1.14  1.34  1.07  1.16  1.1  1.19  1.07  1.13  1.06  0.98  1.09
R.s2.avgres = 1e-10
R.s2.atten = 0.7
R.s2.Cn = 1.26193e+08
R.s2.MIP = 1e+10
R.s2.tdc.res = 5e-10
R.s2.timewalk_params =
   0  0  0  0  0  0  0  0  0  0  0  0  0  0  0  0
   0  0  0  0  0  0  0  0  0  0  0  0  0  0  0  0
R.s2.retiming_offsets = 0  0  0  0  0  0  0  0  0  0  0  0  0  0  0  0
R.s2.NPED = 15
R.s2.Win = 55
