--------[ 2018-08-08 00:00:00 -0500 ]
R.a2.npmt = 26
-- Crate, Slot,1st,Last chans, Beg Cher chan, board ID comment ----------------------------
R.a2.detmap = 
  20  18  8   15   1  250
  20  17  0   15   9  250  
  20  16  14  15  25  250
R.a2.position =  0.0  0.0  2.49
R.a2.size =  1.00  0.40  0.30
R.a2.tdc.offsets =  0.0  0.0  0.0  0.0  0.0  0.0  0.0  0.0  0.0  0.0  0.0  0.0  0.0  0.0  0.0  0.0  0.0  0.0  0.0  0.0  0.0  0.0  0.0  0.0  0.0  0.0
R.a2.adc.pedestals =  508  436  301  306  438  539  412  433  477  546  457  313  536  330  232  392  412  419  552  453  619  321  425  250  409  497
R.a2.adc.gains =  0.898419  0.988835  1.02806  1.59289  1.76536  0.748694  1.01841  1.27627  1.21616  1.05095  0.973958  0.762034  1.11173  0.590493  0.840684  1.10948  1.21711  0.958405  0.638693  0.671824  0.676407  0.785813  0.752032  0.365423  1.0  1.11946
R.a2.NPED = 15
R.a2.Win = 55
